[{"NodeCount":40,"EdgeCount":156,"Graph":[[0,-1,-1,-1,-1,-1,-1,-1,-1,-1,84,-1,19,-1,-1,-1,115,-1,144,-1,-1,-1,-1,-1,-1,-1,-1,-1,-1,-1,106,-1,-1,-1,-1,-1,15,-1,-1,-1],[-1,0,-1,-1,-1,-1,-1,-1,-1,136,-1,-1,-1,-1,74,-1,-1,-1,-1,-1,-1,-1,-1,-1,-1,-1,-1,-1,76,-1,-1,4,-1,-1,-1,-1,111,10,-1,-1],[-1,-1,0,-1,-1,-1,-1,125,-1,-1,-1,-1,-1,-1,-1,152,113,-1,-1,-1,-1,-1,55,-1,-1,-1,9,21,-1,-1,-1,86,-1,-1,-1,140,37,-1,110,-1],[-1,-1,-1,0,13,-1,-1,-1,-1,-1,-1,-1,-1,-1,102,-1,45,-1,-1,-1,-1,-1,94,-1,-1,-1,-1,43,-1,-1,-1,71,-1,-1,-1,114,-1,92,-1,-1],[-1,-1,-1,13,0,-1,-1,-1,-1,-1,-1,-1,-1,-1,-1,-1,-1,-1,-1,-1,-1,-1,-1,-1,-1,-1,-1,-1,-1,29,-1,-1,-1,-1,-1,-1,-1,-1,-1,-1],[-1,-1,-1,-1,-1,0,-1,-1,73,-1,-1,-1,90,-1,-1,150,-1,-1,-1,-1,69,62,61,-1,-1,2,18,99,-1,-1,-1,-1,-1,-1,-1,-1,-1,-1,-1,-1],[-1,-1,-1,-1,-1,-1,0,-1,121,-1,-1,-1,46,-1,-1,-1,-1,52,-1,-1,-1,96,3,-1,-1,-1,148,-1,35,-1,-1,63,-1,-1,-1,129,124,-1,-1,-1],[-1,-1,125,-1,-1,-1,-1,0,-1,-1,-1,-1,-1,-1,24,120,-1,-1,-1,-1,-1,126,16,66,-1,-1,-1,-1,-1,-1,-1,-1,147,-1,-1,-1,-1,-1,-1,-1],[-1,-1,-1,-1,-1,73,121,-1,0,-1,65,44,-1,-1,-1,-1,49,91,138,-1,-1,85,58,128,-1,-1,-1,-1,-1,103,-1,-1,78,-1,-1,-1,-1,-1,-1,-1],[-1,136,-1,-1,-1,-1,-1,-1,-1,0,-1,-1,-1,-1,-1,-1,-1,-1,-1,139,-1,-1,-1,-1,-1,-1,-1,-1,-1,-1,-1,-1,27,100,87,-1,-1,-1,-1,105],[84,-1,-1,-1,-1,-1,-1,-1,65,-1,0,-1,-1,-1,-1,-1,-1,22,-1,-1,-1,-1,-1,-1,-1,25,-1,-1,20,68,-1,-1,-1,31,-1,-1,-1,-1,59,-1],[-1,-1,-1,-1,-1,-1,-1,-1,44,-1,-1,0,-1,-1,-1,-1,101,-1,-1,26,-1,-1,-1,72,-1,-1,-1,-1,-1,-1,-1,77,-1,-1,-1,-1,-1,98,-1,-1],[19,-1,-1,-1,-1,90,46,-1,-1,-1,-1,-1,0,-1,-1,-1,145,-1,-1,-1,-1,93,-1,50,-1,-1,-1,-1,-1,-1,-1,-1,-1,-1,12,-1,70,-1,-1,127],[-1,-1,-1,-1,-1,-1,-1,-1,-1,-1,-1,-1,-1,0,-1,51,-1,154,-1,-1,-1,-1,-1,-1,79,-1,-1,-1,-1,-1,-1,-1,-1,-1,-1,64,134,-1,-1,1],[-1,74,-1,102,-1,-1,-1,24,-1,-1,-1,-1,-1,-1,0,-1,143,-1,-1,-1,141,-1,-1,-1,-1,-1,-1,-1,-1,-1,-1,-1,-1,-1,146,-1,-1,-1,-1,-1],[-1,-1,152,-1,-1,150,-1,120,-1,-1,-1,-1,-1,51,-1,0,-1,-1,-1,-1,151,-1,-1,-1,-1,-1,-1,107,-1,-1,6,-1,-1,-1,-1,-1,8,-1,-1,54],[115,-1,113,45,-1,-1,-1,-1,49,-1,-1,101,145,-1,143,-1,0,-1,108,-1,-1,-1,-1,-1,-1,-1,-1,-1,-1,-1,-1,109,-1,56,-1,-1,95,-1,-1,-1],[-1,-1,-1,-1,-1,-1,52,-1,91,-1,22,-1,-1,154,-1,-1,-1,0,97,-1,-1,-1,-1,80,-1,-1,142,-1,-1,-1,-1,-1,-1,-1,-1,-1,-1,-1,-1,23],[144,-1,-1,-1,-1,-1,-1,-1,138,-1,-1,-1,-1,-1,-1,-1,108,97,0,-1,-1,-1,88,-1,-1,-1,-1,-1,-1,-1,-1,-1,-1,17,-1,-1,-1,-1,-1,-1],[-1,-1,-1,-1,-1,-1,-1,-1,-1,139,-1,26,-1,-1,-1,-1,-1,-1,-1,0,75,-1,67,-1,-1,-1,-1,-1,5,-1,-1,-1,149,-1,-1,-1,-1,-1,123,89],[-1,-1,-1,-1,-1,69,-1,-1,-1,-1,-1,-1,-1,-1,141,151,-1,-1,-1,75,0,57,-1,-1,-1,-1,-1,-1,-1,-1,-1,-1,81,-1,-1,-1,82,-1,14,48],[-1,-1,-1,-1,-1,62,96,126,85,-1,-1,-1,93,-1,-1,-1,-1,-1,-1,-1,57,0,-1,-1,133,-1,-1,112,153,-1,-1,-1,-1,-1,-1,-1,-1,-1,-1,-1],[-1,-1,55,94,-1,61,3,16,58,-1,-1,-1,-1,-1,-1,-1,-1,-1,88,67,-1,-1,0,-1,132,-1,-1,-1,-1,-1,-1,-1,53,-1,-1,-1,104,-1,-1,33],[-1,-1,-1,-1,-1,-1,-1,66,128,-1,-1,72,50,-1,-1,-1,-1,80,-1,-1,-1,-1,-1,0,38,34,-1,-1,-1,-1,-1,-1,155,-1,-1,-1,-1,130,131,-1],[-1,-1,-1,-1,-1,-1,-1,-1,-1,-1,-1,-1,-1,79,-1,-1,-1,-1,-1,-1,-1,133,132,38,0,-1,-1,-1,-1,-1,-1,-1,-1,-1,-1,-1,-1,-1,47,-1],[-1,-1,-1,-1,-1,2,-1,-1,-1,-1,25,-1,-1,-1,-1,-1,-1,-1,-1,-1,-1,-1,-1,34,-1,0,-1,-1,-1,-1,28,60,39,-1,135,-1,-1,-1,-1,-1],[-1,-1,9,-1,-1,18,148,-1,-1,-1,-1,-1,-1,-1,-1,-1,-1,142,-1,-1,-1,-1,-1,-1,-1,-1,0,-1,-1,-1,-1,42,-1,-1,-1,-1,-1,32,30,-1],[-1,-1,21,43,-1,99,-1,-1,-1,-1,-1,-1,-1,-1,-1,107,-1,-1,-1,-1,-1,112,-1,-1,-1,-1,-1,0,-1,-1,-1,-1,117,-1,-1,-1,-1,-1,-1,-1],[-1,76,-1,-1,-1,-1,35,-1,-1,-1,20,-1,-1,-1,-1,-1,-1,-1,-1,5,-1,153,-1,-1,-1,-1,-1,-1,0,-1,-1,-1,-1,-1,-1,-1,-1,-1,-1,-1],[-1,-1,-1,-1,29,-1,-1,-1,103,-1,68,-1,-1,-1,-1,-1,-1,-1,-1,-1,-1,-1,-1,-1,-1,-1,-1,-1,-1,0,122,-1,-1,41,-1,-1,36,-1,-1,7],[106,-1,-1,-1,-1,-1,-1,-1,-1,-1,-1,-1,-1,-1,-1,6,-1,-1,-1,-1,-1,-1,-1,-1,-1,28,-1,-1,-1,122,0,-1,-1,116,-1,-1,-1,-1,-1,-1],[-1,4,86,71,-1,-1,63,-1,-1,-1,-1,77,-1,-1,-1,-1,109,-1,-1,-1,-1,-1,-1,-1,-1,60,42,-1,-1,-1,-1,0,-1,119,-1,-1,-1,83,-1,-1],[-1,-1,-1,-1,-1,-1,-1,147,78,27,-1,-1,-1,-1,-1,-1,-1,-1,-1,149,81,-1,53,155,-1,39,-1,117,-1,-1,-1,-1,0,-1,-1,-1,-1,-1,-1,-1],[-1,-1,-1,-1,-1,-1,-1,-1,-1,100,31,-1,-1,-1,-1,-1,56,-1,17,-1,-1,-1,-1,-1,-1,-1,-1,-1,-1,41,116,119,-1,0,11,-1,-1,156,137,-1],[-1,-1,-1,-1,-1,-1,-1,-1,-1,87,-1,-1,12,-1,146,-1,-1,-1,-1,-1,-1,-1,-1,-1,-1,135,-1,-1,-1,-1,-1,-1,-1,11,0,-1,-1,118,-1,-1],[-1,-1,140,114,-1,-1,129,-1,-1,-1,-1,-1,-1,64,-1,-1,-1,-1,-1,-1,-1,-1,-1,-1,-1,-1,-1,-1,-1,-1,-1,-1,-1,-1,-1,0,-1,-1,-1,-1],[15,111,37,-1,-1,-1,124,-1,-1,-1,-1,-1,70,134,-1,8,95,-1,-1,-1,82,-1,104,-1,-1,-1,-1,-1,-1,36,-1,-1,-1,-1,-1,-1,0,-1,-1,-1],[-1,10,-1,92,-1,-1,-1,-1,-1,-1,-1,98,-1,-1,-1,-1,-1,-1,-1,-1,-1,-1,-1,130,-1,-1,32,-1,-1,-1,-1,83,-1,156,118,-1,-1,0,40,-1],[-1,-1,110,-1,-1,-1,-1,-1,-1,-1,59,-1,-1,-1,-1,-1,-1,-1,-1,123,14,-1,-1,131,47,-1,30,-1,-1,-1,-1,-1,-1,137,-1,-1,-1,40,0,-1],[-1,-1,-1,-1,-1,-1,-1,-1,-1,105,-1,-1,127,1,-1,54,-1,23,-1,89,48,-1,33,-1,-1,-1,-1,-1,-1,7,-1,-1,-1,-1,-1,-1,-1,-1,-1,0]]},{"NodeCount":40,"EdgeCount":312,"Graph":[[0,-1,-1,300,-1,181,-1,248,273,-1,279,8,-1,-1,183,-1,9,-1,-1,-1,-1,-1,261,117,142,216,-1,29,-1,244,-1,-1,219,72,231,88,-1,37,306,47],[-1,0,193,112,-1,123,-1,19,121,250,98,89,241,263,23,-1,-1,282,226,-1,-1,-1,-1,-1,-1,-1,-1,-1,85,-1,-1,-1,-1,198,-1,-1,42,154,270,-1],[-1,193,0,-1,188,242,111,-1,-1,254,93,274,301,-1,-1,-1,187,-1,218,-1,-1,-1,-1,109,-1,-1,257,269,131,104,-1,20,-1,288,-1,-1,155,217,172,150],[300,112,-1,0,163,-1,-1,-1,-1,-1,194,178,148,-1,70,-1,233,260,160,-1,-1,119,-1,39,-1,-1,224,-1,-1,-1,-1,302,-1,-1,-1,21,-1,-1,220,-1],[-1,-1,188,163,0,-1,27,-1,-1,298,-1,-1,295,166,262,247,232,73,-1,-1,-1,-1,-1,-1,201,57,-1,-1,-1,223,-1,-1,132,-1,290,156,196,-1,-1,-1],[181,123,242,-1,-1,0,22,-1,-1,-1,40,236,-1,266,-1,-1,-1,208,-1,-1,-1,77,-1,-1,-1,-1,167,278,-1,-1,61,-1,299,110,-1,-1,-1,-1,-1,-1],[-1,-1,111,-1,27,22,0,292,-1,170,100,146,-1,-1,-1,52,-1,-1,-1,-1,-1,76,-1,-1,-1,-1,-1,-1,221,-1,51,-1,-1,-1,101,276,-1,2,-1,-1],[248,19,-1,-1,-1,-1,292,0,-1,-1,-1,-1,35,92,-1,-1,237,-1,95,229,-1,26,-1,246,56,-1,-1,-1,-1,-1,191,268,-1,-1,-1,-1,-1,127,105,-1],[273,121,-1,-1,-1,-1,-1,-1,0,-1,60,182,-1,-1,-1,69,-1,312,16,-1,79,-1,-1,53,-1,-1,64,-1,14,58,-1,-1,-1,-1,-1,297,-1,133,67,207],[-1,250,254,-1,298,-1,170,-1,-1,0,-1,-1,161,-1,-1,-1,-1,-1,-1,251,-1,-1,-1,-1,-1,175,-1,265,-1,-1,-1,-1,-1,308,-1,152,162,145,-1,243],[279,98,93,194,-1,40,100,-1,60,-1,0,-1,212,180,138,284,124,-1,-1,-1,-1,-1,25,-1,185,-1,-1,-1,-1,-1,120,140,-1,-1,-1,-1,-1,-1,-1,13],[8,89,274,178,-1,236,146,-1,182,-1,-1,0,-1,141,-1,-1,275,-1,-1,-1,-1,147,-1,289,-1,-1,-1,91,-1,44,-1,-1,-1,-1,-1,294,81,-1,-1,-1],[-1,241,301,148,295,-1,-1,35,-1,161,212,-1,0,-1,-1,-1,-1,-1,-1,-1,-1,-1,209,149,-1,157,-1,-1,136,-1,-1,-1,214,-1,-1,-1,-1,84,90,-1],[-1,263,-1,-1,166,266,-1,92,-1,-1,180,141,-1,0,-1,-1,-1,305,-1,114,240,-1,55,1,41,-1,184,5,-1,87,230,94,-1,-1,-1,-1,272,-1,134,-1],[183,23,-1,70,262,-1,-1,-1,-1,-1,138,-1,-1,-1,0,15,78,82,192,-1,-1,103,71,-1,-1,31,190,-1,-1,-1,234,197,108,-1,-1,-1,-1,-1,168,-1],[-1,-1,-1,-1,247,-1,52,-1,69,-1,284,-1,-1,-1,15,0,281,165,204,-1,-1,-1,238,-1,-1,-1,-1,-1,129,-1,-1,-1,74,-1,-1,-1,-1,-1,206,-1],[9,-1,187,233,232,-1,-1,237,-1,-1,124,275,-1,-1,78,281,0,-1,-1,-1,280,-1,-1,-1,215,-1,-1,-1,28,-1,253,-1,-1,-1,-1,-1,50,-1,106,153],[-1,282,-1,260,73,208,-1,-1,312,-1,-1,-1,-1,305,82,165,-1,0,115,-1,63,-1,-1,222,-1,213,-1,49,309,205,-1,-1,6,-1,-1,-1,59,-1,24,-1],[-1,226,218,160,-1,-1,-1,95,16,-1,-1,-1,-1,-1,192,204,-1,115,0,-1,-1,-1,173,-1,-1,-1,-1,-1,-1,210,-1,-1,-1,-1,-1,-1,-1,-1,38,96],[-1,-1,-1,-1,-1,-1,-1,229,-1,251,-1,-1,-1,114,-1,-1,-1,-1,-1,0,-1,-1,-1,-1,-1,285,293,-1,32,174,122,-1,-1,46,-1,-1,151,34,-1,291],[-1,-1,-1,-1,-1,-1,-1,-1,79,-1,-1,-1,-1,240,-1,-1,280,63,-1,-1,0,-1,-1,-1,-1,107,68,45,-1,235,-1,144,66,283,-1,199,-1,-1,48,-1],[-1,-1,-1,119,-1,77,76,26,-1,-1,-1,147,-1,-1,103,-1,-1,-1,-1,-1,-1,0,189,-1,80,200,125,-1,102,-1,259,-1,-1,-1,-1,186,228,239,245,225],[261,-1,-1,-1,-1,-1,-1,-1,-1,-1,25,-1,209,55,71,238,-1,-1,173,-1,-1,189,0,-1,-1,118,-1,304,-1,158,256,-1,-1,-1,128,-1,-1,287,116,62],[117,-1,109,39,-1,-1,-1,246,53,-1,-1,289,149,1,-1,-1,-1,222,-1,-1,-1,-1,-1,0,-1,-1,-1,-1,-1,-1,-1,12,258,-1,-1,-1,-1,-1,-1,-1],[142,-1,-1,-1,201,-1,-1,56,-1,-1,185,-1,-1,41,-1,-1,215,-1,-1,-1,-1,80,-1,-1,0,255,307,10,-1,-1,-1,-1,-1,-1,169,249,310,-1,75,-1],[216,-1,-1,-1,57,-1,-1,-1,-1,175,-1,-1,157,-1,31,-1,-1,213,-1,285,107,200,118,-1,255,0,-1,-1,227,-1,-1,-1,-1,-1,-1,-1,-1,-1,202,-1],[-1,-1,257,224,-1,167,-1,-1,64,-1,-1,-1,-1,184,190,-1,-1,-1,-1,293,68,125,-1,-1,307,-1,0,296,-1,-1,139,-1,-1,-1,-1,-1,211,195,171,-1],[29,-1,269,-1,-1,278,-1,-1,-1,265,-1,91,-1,5,-1,-1,-1,49,-1,-1,45,-1,304,-1,10,-1,296,0,-1,-1,30,-1,-1,-1,-1,179,-1,126,164,-1],[-1,85,131,-1,-1,-1,221,-1,14,-1,-1,-1,136,-1,-1,129,28,309,-1,32,-1,102,-1,-1,-1,227,-1,-1,0,-1,-1,36,159,-1,113,4,137,-1,176,143],[244,-1,104,-1,223,-1,-1,-1,58,-1,-1,44,-1,87,-1,-1,-1,205,210,174,235,-1,158,-1,-1,-1,-1,-1,-1,0,83,-1,7,-1,-1,86,130,-1,-1,252],[-1,-1,-1,-1,-1,61,51,191,-1,-1,120,-1,-1,230,234,-1,253,-1,-1,122,-1,259,256,-1,-1,-1,139,30,-1,83,0,-1,203,-1,-1,33,3,-1,11,277],[-1,-1,20,302,-1,-1,-1,268,-1,-1,140,-1,-1,94,197,-1,-1,-1,-1,-1,144,-1,-1,12,-1,-1,-1,-1,36,-1,-1,0,-1,-1,-1,271,17,-1,135,-1],[219,-1,-1,-1,132,299,-1,-1,-1,-1,-1,-1,214,-1,108,74,-1,6,-1,-1,66,-1,-1,258,-1,-1,-1,-1,159,7,203,-1,0,43,311,-1,-1,-1,65,-1],[72,198,288,-1,-1,110,-1,-1,-1,308,-1,-1,-1,-1,-1,-1,-1,-1,-1,46,283,-1,-1,-1,-1,-1,-1,-1,-1,-1,-1,-1,43,0,-1,-1,-1,99,18,-1],[231,-1,-1,-1,290,-1,101,-1,-1,-1,-1,-1,-1,-1,-1,-1,-1,-1,-1,-1,-1,-1,128,-1,169,-1,-1,-1,113,-1,-1,-1,311,-1,0,-1,-1,-1,-1,-1],[88,-1,-1,21,156,-1,276,-1,297,152,-1,294,-1,-1,-1,-1,-1,-1,-1,-1,199,186,-1,-1,249,-1,-1,179,4,86,33,271,-1,-1,-1,0,177,303,286,-1],[-1,42,155,-1,196,-1,-1,-1,-1,162,-1,81,-1,272,-1,-1,50,59,-1,151,-1,228,-1,-1,310,-1,211,-1,137,130,3,17,-1,-1,-1,177,0,-1,97,264],[37,154,217,-1,-1,-1,2,127,133,145,-1,-1,84,-1,-1,-1,-1,-1,-1,34,-1,239,287,-1,-1,-1,195,126,-1,-1,-1,-1,-1,99,-1,303,-1,0,-1,54],[306,270,172,220,-1,-1,-1,105,67,-1,-1,-1,90,134,168,206,106,24,38,-1,48,245,116,-1,75,202,171,164,176,-1,11,135,65,18,-1,286,97,-1,0,267],[47,-1,150,-1,-1,-1,-1,-1,207,243,13,-1,-1,-1,-1,-1,153,-1,96,291,-1,225,62,-1,-1,-1,-1,-1,143,252,277,-1,-1,-1,-1,-1,264,54,267,0]]},{"NodeCount":40,"EdgeCount":468,"Graph":[[0,290,185,213,-1,80,380,-1,391,2,144,244,-1,-1,409,-1,-1,301,292,69,-1,-1,-1,-1,302,323,234,449,-1,-1,-1,-1,-1,146,148,11,435,364,404,-1],[290,0,240,157,397,-1,93,-1,181,-1,369,325,-1,183,-1,-1,-1,-1,166,-1,-1,-1,385,-1,192,-1,-1,-1,28,127,-1,-1,77,195,291,-1,188,-1,444,-1],[185,240,0,-1,451,75,214,-1,446,-1,-1,430,194,112,315,272,288,136,50,-1,-1,-1,223,466,53,186,-1,410,119,165,-1,-1,-1,-1,133,65,-1,71,-1,-1],[213,157,-1,0,-1,128,175,447,-1,-1,284,94,4,260,-1,282,-1,-1,285,-1,-1,452,208,-1,-1,42,433,-1,142,59,215,-1,-1,-1,196,238,254,-1,259,-1],[-1,397,451,-1,0,-1,89,211,25,297,-1,201,443,-1,85,-1,-1,405,218,111,-1,-1,57,150,355,99,-1,411,-1,268,265,-1,337,313,353,-1,401,107,298,-1],[80,-1,75,128,-1,0,-1,307,178,-1,426,126,164,-1,-1,-1,330,-1,-1,-1,-1,378,262,-1,413,-1,123,287,-1,-1,162,78,-1,32,91,-1,-1,-1,23,9],[380,93,214,175,89,-1,0,249,-1,303,326,338,399,-1,106,227,187,220,460,312,8,383,-1,172,348,158,35,255,1,-1,372,-1,221,311,6,-1,352,-1,377,305],[-1,-1,-1,447,211,307,249,0,149,454,-1,155,382,-1,-1,332,233,347,-1,86,-1,-1,-1,-1,180,462,47,-1,-1,-1,43,-1,105,-1,381,-1,-1,204,450,294],[391,181,446,-1,25,178,-1,149,0,125,389,55,-1,-1,335,461,-1,124,356,440,-1,-1,-1,293,-1,428,-1,-1,468,10,300,321,-1,316,412,-1,-1,-1,18,-1],[2,-1,-1,-1,297,-1,303,454,125,0,333,358,322,342,289,102,-1,-1,357,-1,29,-1,219,-1,-1,264,252,-1,117,-1,24,-1,-1,414,304,-1,340,12,-1,386],[144,369,-1,284,-1,426,326,-1,389,333,0,-1,458,-1,-1,113,-1,434,-1,26,351,184,138,251,-1,-1,7,-1,210,-1,327,16,5,362,-1,-1,81,-1,-1,-1],[244,325,430,94,201,126,338,155,55,358,-1,0,467,283,48,-1,425,205,-1,448,-1,368,457,-1,371,439,-1,21,-1,314,-1,-1,33,153,-1,415,424,143,392,277],[-1,-1,194,4,443,164,399,382,-1,322,458,467,0,-1,-1,54,222,-1,344,429,163,-1,373,96,232,87,131,-1,224,-1,46,442,-1,-1,-1,-1,22,-1,-1,-1],[-1,183,112,260,-1,-1,-1,-1,-1,342,-1,283,-1,0,130,151,403,278,306,257,199,408,365,-1,236,367,203,68,216,319,-1,349,-1,200,422,120,207,263,70,245],[409,-1,315,-1,85,-1,106,-1,335,289,-1,48,-1,130,0,-1,-1,318,60,176,-1,437,-1,122,281,-1,167,-1,-1,-1,30,419,-1,83,115,67,464,350,331,90],[-1,-1,272,282,-1,-1,227,332,461,102,113,-1,54,151,-1,0,328,-1,161,-1,393,402,132,-1,-1,-1,235,250,-1,52,-1,-1,-1,116,74,145,121,-1,-1,108],[-1,-1,288,-1,-1,330,187,233,-1,-1,-1,425,222,403,-1,328,0,88,-1,202,246,-1,-1,-1,-1,-1,-1,-1,453,299,-1,159,253,406,-1,266,384,-1,118,-1],[301,-1,136,-1,405,-1,220,347,124,-1,434,205,-1,278,318,-1,88,0,273,-1,49,45,174,61,343,168,190,44,63,354,-1,-1,154,-1,418,72,280,109,432,64],[292,166,50,285,218,-1,460,-1,356,357,-1,-1,344,306,60,161,-1,273,0,3,310,239,256,-1,390,407,296,420,-1,84,79,-1,-1,-1,-1,-1,-1,-1,73,-1],[69,-1,-1,-1,111,-1,312,86,440,-1,26,448,429,257,176,-1,202,-1,3,0,-1,363,-1,-1,-1,295,-1,-1,463,-1,-1,-1,-1,-1,317,345,-1,423,206,-1],[-1,-1,-1,-1,-1,-1,8,-1,-1,29,351,-1,163,199,-1,393,246,49,310,-1,0,41,339,-1,100,-1,-1,320,270,-1,387,324,417,-1,-1,173,360,329,269,286],[-1,-1,-1,452,-1,378,383,-1,-1,-1,184,368,-1,408,437,402,-1,45,239,363,41,0,-1,309,398,-1,279,76,-1,308,361,147,140,13,230,-1,416,375,62,14],[-1,385,223,208,57,262,-1,-1,-1,219,138,457,373,365,-1,132,-1,174,256,-1,339,-1,0,336,198,427,34,445,346,209,226,-1,114,-1,436,20,-1,-1,241,379],[-1,-1,466,-1,150,-1,172,-1,293,-1,251,-1,96,-1,122,-1,-1,61,-1,-1,-1,309,336,0,400,98,-1,-1,-1,212,237,-1,-1,370,-1,160,-1,97,-1,376],[302,192,53,-1,355,413,348,180,-1,-1,-1,371,232,236,281,-1,-1,343,390,-1,100,398,198,400,0,38,191,197,-1,-1,-1,231,51,39,-1,-1,-1,459,242,341],[323,-1,186,42,99,-1,158,462,428,264,-1,439,87,367,-1,-1,-1,168,407,295,-1,-1,427,98,38,0,36,-1,-1,261,139,129,-1,-1,-1,37,441,56,-1,-1],[234,-1,-1,433,-1,123,35,47,-1,252,7,-1,131,203,167,235,-1,190,296,-1,-1,279,34,-1,191,36,0,137,-1,395,-1,-1,-1,58,225,-1,-1,217,274,465],[449,-1,410,-1,411,287,255,-1,-1,-1,-1,21,-1,68,-1,250,-1,44,420,-1,320,76,445,-1,197,-1,137,0,101,182,15,276,-1,-1,228,27,-1,-1,-1,-1],[-1,28,119,142,-1,-1,1,-1,468,117,210,-1,224,216,-1,-1,453,63,-1,463,270,-1,346,-1,-1,-1,-1,101,0,394,267,-1,110,189,104,388,19,243,456,-1],[-1,127,165,59,268,-1,-1,-1,10,-1,-1,314,-1,319,-1,52,299,354,84,-1,-1,308,209,212,-1,261,395,182,394,0,396,-1,156,141,258,-1,421,-1,40,-1],[-1,-1,-1,215,265,162,372,43,300,24,327,-1,46,-1,30,-1,-1,-1,79,-1,387,361,226,237,-1,139,-1,15,267,396,0,-1,438,31,-1,366,-1,177,169,-1],[-1,-1,-1,-1,-1,78,-1,-1,321,-1,16,-1,442,349,419,-1,159,-1,-1,-1,324,147,-1,-1,231,129,-1,276,-1,-1,-1,0,-1,374,247,248,152,-1,-1,334],[-1,77,-1,-1,337,-1,221,105,-1,-1,5,33,-1,-1,-1,-1,253,154,-1,-1,417,140,114,-1,51,-1,-1,-1,110,156,438,-1,0,-1,134,275,-1,135,-1,92],[146,195,-1,-1,313,32,311,-1,316,414,362,153,-1,200,83,116,406,-1,-1,-1,-1,13,-1,370,39,-1,58,-1,189,141,31,374,-1,0,82,95,-1,103,-1,171],[148,291,133,196,353,91,6,381,412,304,-1,-1,-1,422,115,74,-1,418,-1,317,-1,230,436,-1,-1,-1,225,228,104,258,-1,247,134,82,0,-1,271,229,193,-1],[11,-1,65,238,-1,-1,-1,-1,-1,-1,-1,415,-1,120,67,145,266,72,-1,345,173,-1,20,160,-1,37,-1,27,388,-1,366,248,275,95,-1,0,17,-1,455,359],[435,188,-1,254,401,-1,352,-1,-1,340,81,424,22,207,464,121,384,280,-1,-1,360,416,-1,-1,-1,441,-1,-1,19,421,-1,152,-1,-1,271,17,0,179,170,431],[364,-1,71,-1,107,-1,-1,204,-1,12,-1,143,-1,263,350,-1,-1,109,-1,423,329,375,-1,97,459,56,217,-1,243,-1,177,-1,135,103,229,-1,179,0,66,-1],[404,444,-1,259,298,23,377,450,18,-1,-1,392,-1,70,331,-1,118,432,73,206,269,62,241,-1,242,-1,274,-1,456,40,169,-1,-1,-1,193,455,170,66,0,-1],[-1,-1,-1,-1,-1,9,305,294,-1,386,-1,277,-1,245,90,108,-1,64,-1,-1,286,14,379,376,341,-1,465,-1,-1,-1,-1,334,92,171,-1,359,431,-1,-1,0]]},{"NodeCount":40,"EdgeCount":624,"Graph":[[0,599,399,12,536,470,138,268,127,84,283,17,189,-1,222,362,213,-1,165,130,294,560,-1,508,-1,505,511,-1,540,607,598,621,367,100,132,18,568,262,403,101],[599,0,223,32,602,526,426,341,-1,441,569,-1,179,191,129,327,-1,21,164,485,289,376,-1,-1,7,258,153,406,353,375,201,429,-1,112,603,534,481,337,415,591],[399,223,0,82,-1,110,4,22,532,70,-1,383,617,-1,263,489,378,285,-1,408,278,-1,74,533,265,488,199,292,504,108,435,56,448,-1,334,28,-1,-1,246,609],[12,32,82,0,14,124,117,-1,527,231,-1,474,-1,581,348,484,-1,513,224,168,62,550,-1,211,106,451,329,304,-1,-1,-1,83,24,-1,298,-1,-1,460,-1,19],[536,602,-1,14,0,452,133,-1,352,409,-1,-1,-1,601,624,-1,279,243,548,207,342,173,-1,472,50,468,103,566,122,301,143,88,-1,402,251,240,389,620,147,-1],[470,526,110,124,452,0,554,295,-1,450,217,-1,-1,296,234,-1,390,-1,215,464,339,121,174,495,90,-1,244,-1,180,150,-1,37,-1,-1,333,270,-1,388,-1,-1],[138,426,4,117,133,554,0,-1,528,413,345,396,483,442,-1,368,392,137,324,370,542,247,135,610,-1,-1,266,228,44,322,514,115,350,157,541,297,-1,369,73,-1],[268,341,22,-1,-1,295,-1,0,-1,379,559,-1,546,-1,192,96,439,152,68,433,462,287,107,437,118,155,169,144,31,27,364,51,377,543,501,553,125,139,594,373],[127,-1,532,527,352,-1,528,-1,0,-1,230,497,163,494,519,401,-1,515,366,410,226,-1,446,-1,556,15,318,33,438,338,507,-1,119,271,65,577,463,255,-1,552],[84,441,70,231,409,450,413,379,-1,0,178,335,449,418,97,64,-1,336,-1,454,537,175,218,-1,99,571,420,310,151,20,611,-1,307,91,41,182,123,597,-1,-1],[283,569,-1,-1,-1,217,345,559,230,178,0,328,355,-1,493,200,-1,-1,254,476,354,-1,475,-1,29,81,578,198,319,267,487,309,92,-1,-1,220,-1,382,42,372],[17,-1,383,474,-1,-1,396,-1,497,335,328,0,512,59,-1,136,-1,-1,622,66,535,613,623,181,323,212,-1,95,140,361,-1,430,425,349,54,480,473,419,521,-1],[189,179,617,-1,-1,-1,483,546,163,449,355,512,0,245,562,111,576,-1,105,397,10,67,491,590,306,9,-1,194,186,48,61,561,252,302,242,-1,405,-1,214,518],[-1,191,-1,581,601,296,442,-1,494,418,-1,59,245,0,404,75,36,455,443,558,-1,330,551,385,40,-1,-1,49,233,142,-1,286,573,499,239,412,-1,606,5,156],[222,129,263,348,624,234,-1,192,519,97,493,-1,562,404,0,616,344,-1,85,284,-1,-1,162,158,-1,-1,447,53,456,461,-1,6,357,225,347,221,311,-1,23,567],[362,327,489,484,-1,-1,368,96,401,64,200,136,111,75,616,0,411,208,120,572,-1,46,316,565,43,564,77,288,325,466,522,422,380,190,589,216,387,-1,232,187],[213,-1,378,-1,279,390,392,439,-1,-1,-1,-1,576,36,344,411,0,-1,-1,459,104,93,360,-1,-1,291,381,587,582,332,-1,308,185,510,259,586,170,-1,547,-1],[-1,21,285,513,243,-1,137,152,515,336,-1,-1,-1,455,-1,208,-1,0,261,605,293,492,517,-1,436,177,477,600,3,423,280,35,-1,45,618,102,-1,-1,202,428],[165,164,-1,224,548,215,324,68,366,-1,254,622,105,443,85,120,-1,261,0,249,479,16,38,87,579,146,583,34,516,391,394,343,63,171,183,539,236,154,160,359],[130,485,408,168,207,464,370,433,410,454,476,66,397,558,284,572,459,605,249,0,440,469,-1,-1,276,145,356,-1,-1,-1,580,72,407,248,257,-1,253,134,126,-1],[294,289,278,62,342,339,542,462,226,537,354,535,10,-1,-1,-1,104,293,479,440,0,398,-1,414,416,8,2,509,241,530,-1,-1,176,465,424,300,209,250,159,529],[560,376,-1,550,173,121,247,287,-1,175,-1,613,67,330,-1,46,93,492,16,469,398,0,184,193,320,195,94,486,303,608,331,272,563,-1,260,-1,131,346,-1,-1],[-1,-1,74,-1,-1,174,135,107,446,218,475,623,491,551,162,316,360,517,38,-1,-1,184,0,274,363,-1,445,503,427,549,78,269,557,421,141,471,545,57,86,570],[508,-1,533,211,472,495,610,437,-1,-1,-1,181,590,385,158,565,-1,-1,87,-1,414,193,274,0,25,-1,-1,490,26,-1,-1,149,615,69,256,203,596,172,555,314],[-1,7,265,106,50,90,-1,118,556,99,29,323,306,40,-1,43,-1,436,579,276,416,320,363,25,0,496,282,-1,109,277,313,-1,206,13,619,614,11,219,290,273],[505,258,488,451,468,-1,-1,155,15,571,81,212,9,-1,-1,564,291,177,146,145,8,195,-1,-1,496,0,166,-1,-1,467,604,457,52,502,-1,326,275,400,89,434],[511,153,199,329,103,244,266,169,318,420,578,-1,-1,-1,447,77,381,477,583,356,2,94,445,-1,282,166,0,453,-1,235,98,-1,358,197,395,498,386,281,39,114],[-1,406,292,304,566,-1,228,144,33,310,198,95,194,49,53,288,587,600,34,-1,509,486,503,490,-1,-1,453,0,-1,458,-1,-1,-1,148,574,417,-1,393,312,-1],[540,353,504,-1,122,180,44,31,438,151,319,140,186,233,456,325,582,3,516,-1,241,303,427,26,109,-1,-1,-1,0,71,365,1,506,538,204,161,444,482,238,-1],[607,375,108,-1,301,150,322,27,338,20,267,361,48,142,461,466,332,423,391,-1,530,608,549,-1,277,467,235,458,71,0,351,167,520,584,60,340,595,128,76,80],[598,201,435,-1,143,-1,514,364,507,611,487,-1,61,-1,-1,522,-1,280,394,580,-1,331,78,-1,313,604,98,-1,365,351,0,524,-1,229,612,305,315,-1,-1,55],[621,429,56,83,88,37,115,51,-1,-1,309,430,561,286,6,422,308,35,343,72,-1,272,269,149,-1,457,-1,-1,1,167,524,0,196,544,205,371,-1,384,523,188],[367,-1,448,24,-1,-1,350,377,119,307,92,425,252,573,357,380,185,-1,63,407,176,563,557,615,206,52,358,-1,506,520,-1,196,0,227,79,575,264,374,585,-1],[100,112,-1,-1,402,-1,157,543,271,91,-1,349,302,499,225,190,510,45,171,248,465,-1,421,69,13,502,197,148,538,584,229,544,227,0,478,432,116,210,593,588],[132,603,334,298,251,333,541,501,65,41,-1,54,242,239,347,589,259,618,183,257,424,260,141,256,619,-1,395,574,204,60,612,205,79,478,0,30,113,317,237,321],[18,534,28,-1,240,270,297,553,577,182,220,480,-1,412,221,216,586,102,539,-1,300,-1,471,203,614,326,498,417,161,340,305,371,575,432,30,0,500,58,525,299],[568,481,-1,-1,389,-1,-1,125,463,123,-1,473,405,-1,311,387,170,-1,236,253,209,131,545,596,11,275,386,-1,444,595,315,-1,264,116,113,500,0,-1,531,592],[262,337,-1,460,620,388,369,139,255,597,382,419,-1,606,-1,-1,-1,-1,154,134,250,346,57,172,219,400,281,393,482,128,-1,384,374,210,317,58,-1,0,431,47],[403,415,246,-1,147,-1,73,594,-1,-1,42,521,214,5,23,232,547,202,160,126,159,-1,86,555,290,89,39,312,238,76,-1,523,585,593,237,525,531,431,0,-1],[101,591,609,19,-1,-1,-1,373,552,-1,372,-1,518,156,567,187,-1,428,359,-1,529,-1,570,314,273,434,114,-1,-1,80,55,188,-1,588,321,299,592,47,-1,0]]},{"NodeCount":40,"EdgeCount":780,"Graph":[[0,400,599,766,779,563,566,399,345,729,722,81,145,665,440,402,748,685,209,565,678,375,317,15,220,312,335,283,718,344,433,373,406,691,290,701,490,34,767,248],[400,0,456,149,61,414,621,590,225,610,585,342,284,601,142,676,162,549,212,115,501,669,412,253,243,353,306,263,288,36,739,703,511,451,681,544,200,738,181,261],[599,456,0,697,348,388,494,714,302,193,30,461,41,33,444,751,611,276,579,180,46,58,670,94,486,752,772,119,608,359,364,445,35,542,282,657,273,715,753,495],[766,149,697,0,443,326,675,358,762,457,351,522,650,474,297,153,385,167,262,179,634,152,531,459,520,735,758,222,493,391,328,316,244,84,50,674,197,367,508,462],[779,61,348,443,0,653,595,695,321,217,29,711,109,104,80,626,163,765,529,95,483,374,6,768,322,158,12,132,366,415,202,555,305,381,485,76,498,639,710,628],[563,414,388,326,653,0,692,73,171,266,339,713,515,644,506,656,404,82,337,467,287,534,721,224,211,323,72,755,449,612,574,550,413,40,554,380,51,368,569,518],[566,621,494,675,595,692,0,761,630,429,651,251,689,69,386,454,206,558,246,62,232,756,333,23,614,655,281,135,78,240,204,464,473,408,123,278,108,144,737,683],[399,590,714,358,695,73,761,0,47,641,622,750,625,223,479,777,4,687,173,564,188,102,311,668,661,371,227,18,684,195,247,86,419,60,659,598,260,334,396,667],[345,225,302,762,321,171,630,47,0,439,421,532,42,492,67,572,458,503,477,724,548,578,63,112,698,16,83,117,424,19,538,137,663,430,113,161,79,360,268,645],[729,610,193,457,217,266,429,641,439,0,177,387,319,324,307,65,623,426,90,524,38,769,686,539,148,43,712,648,107,355,395,329,417,726,2,239,541,573,199,428],[722,585,30,351,29,339,651,622,421,177,0,365,356,269,552,643,226,517,57,418,618,745,580,208,155,292,233,592,533,409,627,664,432,570,594,346,591,472,658,547],[81,342,461,522,711,713,251,750,532,387,365,0,27,780,354,125,679,106,313,773,398,673,619,338,407,488,427,596,14,369,733,214,304,182,776,327,3,176,706,111],[145,284,41,650,109,515,689,625,42,319,356,27,0,405,600,201,205,760,747,87,336,169,296,452,75,719,186,416,139,489,143,52,536,120,557,299,264,55,447,343],[665,601,33,474,104,644,69,223,492,324,269,780,405,0,131,633,436,632,420,728,178,315,166,392,422,770,500,546,480,88,731,403,513,514,174,510,71,638,696,379],[440,142,444,297,80,506,386,479,67,307,552,354,600,131,0,331,325,545,103,734,642,301,189,122,523,589,576,53,48,101,448,754,629,231,476,270,192,129,609,543],[402,676,751,153,626,656,454,777,572,65,643,125,201,633,331,0,372,453,505,272,727,616,277,401,310,468,291,340,66,778,318,24,470,350,236,96,26,540,530,707],[748,162,611,385,163,404,206,4,458,623,226,679,205,436,325,372,0,484,705,693,116,150,560,764,581,265,105,450,603,466,8,237,482,100,636,25,314,584,562,460],[685,549,276,167,765,82,558,687,503,426,517,106,760,632,545,453,484,0,198,330,377,20,389,74,582,285,774,553,203,410,32,280,11,437,660,617,146,382,89,279],[209,212,579,262,529,337,246,173,477,90,57,313,747,420,103,505,705,198,0,256,463,77,690,662,184,586,274,631,671,114,271,54,289,141,140,465,469,245,124,156],[565,115,180,179,95,467,62,564,724,524,418,773,87,728,734,272,693,330,256,0,475,504,37,571,725,97,215,487,535,455,127,435,99,383,556,13,294,68,390,210],[678,501,46,634,483,287,232,188,548,38,618,398,336,178,642,727,116,377,463,475,0,98,587,635,607,361,242,434,298,763,59,559,28,349,702,218,478,259,732,250],[375,669,58,152,374,534,756,102,578,769,745,673,169,315,301,616,150,20,77,504,98,0,191,118,577,647,699,749,275,604,583,397,496,130,471,70,168,757,521,613],[317,412,670,531,6,721,333,311,63,686,580,619,296,166,189,277,560,389,690,37,587,191,0,22,49,254,526,44,499,31,134,491,442,235,362,704,759,666,593,441],[15,253,94,459,768,224,23,668,112,539,208,338,452,392,122,401,764,74,662,571,635,118,22,0,736,185,742,394,347,219,267,528,746,241,39,425,110,519,56,376],[220,243,486,520,322,211,614,661,698,148,155,407,75,422,523,310,581,582,184,725,607,577,49,736,0,717,561,446,694,497,700,640,207,147,481,92,170,341,221,597],[312,353,752,735,158,323,655,371,16,43,292,488,719,770,589,468,265,285,586,97,361,647,254,185,717,0,5,551,238,509,159,527,138,352,605,85,606,286,741,308],[335,306,772,758,12,72,281,227,83,712,233,427,186,500,576,291,105,774,274,215,242,699,526,742,561,5,0,740,720,93,502,1,154,680,230,624,216,157,249,682],[283,263,119,222,132,755,135,18,117,648,592,596,416,546,53,340,450,553,631,487,434,749,44,394,446,551,740,0,438,646,194,672,183,615,384,431,775,525,512,160],[718,288,608,493,366,449,78,684,424,107,533,14,139,480,48,66,603,203,671,535,298,275,499,347,694,238,720,438,0,370,620,378,677,723,165,537,164,133,744,9],[344,36,359,391,415,612,240,195,19,355,409,369,489,88,101,778,466,410,114,455,763,604,31,219,497,509,93,646,370,0,234,121,602,213,126,716,257,196,45,229],[433,739,364,328,202,574,204,247,538,395,627,733,143,731,448,318,8,32,271,127,59,583,134,267,700,159,502,194,620,234,0,320,151,357,303,649,10,708,175,411],[373,703,445,316,555,550,464,86,137,329,664,214,52,403,754,24,237,280,54,435,559,397,491,528,640,527,1,672,378,121,320,0,91,190,17,332,709,255,300,172],[406,511,35,244,305,413,473,419,663,417,432,304,536,513,629,470,482,11,289,99,28,496,442,746,207,138,154,183,677,602,151,91,0,363,21,743,516,637,688,252],[691,451,542,84,381,40,408,60,430,726,570,182,120,514,231,350,100,437,141,383,349,130,235,241,147,352,680,615,723,213,357,190,363,0,507,228,7,654,568,64],[290,681,282,50,485,554,123,659,113,2,594,776,557,174,476,236,636,660,140,556,702,471,362,39,481,605,230,384,165,126,303,17,21,507,0,309,293,258,136,575],[701,544,657,674,76,380,278,598,161,239,346,327,299,510,270,96,25,617,465,13,218,70,704,425,92,85,624,431,537,716,649,332,743,228,309,0,295,393,771,588],[490,200,273,197,498,51,108,260,79,541,591,3,264,71,192,26,314,146,469,294,478,168,759,110,170,606,216,775,164,257,10,709,516,7,293,295,0,423,730,652],[34,738,715,367,639,368,144,334,360,573,472,176,55,638,129,540,584,382,245,68,259,757,666,519,341,286,157,525,133,196,708,255,637,654,258,393,423,0,567,128],[767,181,753,508,710,569,737,396,268,199,658,706,447,696,609,530,562,89,124,390,732,521,593,56,221,741,249,512,744,45,175,300,688,568,136,771,730,567,0,187],[248,261,495,462,628,518,683,667,645,428,547,111,343,379,543,707,460,279,156,210,250,613,441,376,597,308,682,160,9,229,411,172,252,64,575,588,652,128,187,0]]}]