[{"NodeCount":10,"EdgeCount":9,"Graph":[[0,9,-1,-1,-1,5,-1,-1,4,-1],[9,0,-1,-1,1,-1,7,-1,3,-1],[-1,-1,0,-1,-1,-1,-1,-1,-1,-1],[-1,-1,-1,0,-1,-1,-1,-1,2,-1],[-1,1,-1,-1,0,8,-1,-1,-1,-1],[5,-1,-1,-1,8,0,-1,-1,-1,-1],[-1,7,-1,-1,-1,-1,0,-1,6,-1],[-1,-1,-1,-1,-1,-1,-1,0,-1,-1],[4,3,-1,2,-1,-1,6,-1,0,-1],[-1,-1,-1,-1,-1,-1,-1,-1,-1,0]]},{"NodeCount":10,"EdgeCount":18,"Graph":[[0,16,-1,-1,8,7,18,4,-1,-1],[16,0,-1,-1,-1,-1,-1,-1,-1,-1],[-1,-1,0,-1,-1,-1,3,-1,12,-1],[-1,-1,-1,0,14,2,-1,-1,17,-1],[8,-1,-1,14,0,-1,15,10,1,-1],[7,-1,-1,2,-1,0,-1,-1,13,-1],[18,-1,3,-1,15,-1,0,11,-1,-1],[4,-1,-1,-1,10,-1,11,0,5,6],[-1,-1,12,17,1,13,-1,5,0,9],[-1,-1,-1,-1,-1,-1,-1,6,9,0]]},{"NodeCount":10,"EdgeCount":27,"Graph":[[0,22,-1,5,-1,-1,7,-1,1,14],[22,0,10,4,-1,15,-1,23,-1,19],[-1,10,0,-1,20,-1,21,9,26,-1],[5,4,-1,0,11,-1,-1,18,3,-1],[-1,-1,20,11,0,13,6,24,25,-1],[-1,15,-1,-1,13,0,-1,-1,17,-1],[7,-1,21,-1,6,-1,0,27,-1,16],[-1,23,9,18,24,-1,27,0,8,2],[1,-1,26,3,25,17,-1,8,0,12],[14,19,-1,-1,-1,-1,16,2,12,0]]},{"NodeCount":10,"EdgeCount":36,"Graph":[[0,30,1,18,15,36,-1,27,20,3],[30,0,29,35,26,4,13,-1,21,12],[1,29,0,10,32,19,22,33,-1,28],[18,35,10,0,-1,2,8,34,-1,-1],[15,26,32,-1,0,25,6,9,-1,17],[36,4,19,2,25,0,23,16,-1,31],[-1,13,22,8,6,23,0,5,11,7],[27,-1,33,34,9,16,5,0,14,24],[20,21,-1,-1,-1,-1,11,14,0,-1],[3,12,28,-1,17,31,7,24,-1,0]]},{"NodeCount":10,"EdgeCount":45,"Graph":[[0,3,32,9,28,27,17,42,39,4],[3,0,25,21,13,12,35,33,16,31],[32,25,0,26,5,8,44,10,15,34],[9,21,26,0,36,1,22,41,7,40],[28,13,5,36,0,2,43,37,38,18],[27,12,8,1,2,0,45,14,29,11],[17,35,44,22,43,45,0,30,23,24],[42,33,10,41,37,14,30,0,20,19],[39,16,15,7,38,29,23,20,0,6],[4,31,34,40,18,11,24,19,6,0]]}]