[{"NodeCount":20,"EdgeCount":38,"Graph":[[0,-1,-1,-1,10,-1,32,-1,-1,21,-1,-1,-1,-1,31,-1,-1,-1,8,-1],[-1,0,-1,-1,-1,5,-1,-1,-1,27,12,25,-1,-1,-1,-1,-1,-1,-1,6],[-1,-1,0,-1,-1,23,-1,13,35,-1,-1,-1,-1,-1,-1,-1,-1,-1,-1,-1],[-1,-1,-1,0,1,-1,-1,-1,15,-1,-1,-1,-1,-1,11,36,-1,-1,-1,-1],[10,-1,-1,1,0,-1,-1,-1,-1,-1,-1,-1,-1,-1,-1,-1,-1,-1,18,-1],[-1,5,23,-1,-1,0,30,-1,-1,-1,-1,-1,16,-1,-1,-1,-1,-1,-1,-1],[32,-1,-1,-1,-1,30,0,-1,-1,-1,-1,-1,-1,-1,-1,37,-1,26,-1,-1],[-1,-1,13,-1,-1,-1,-1,0,-1,-1,-1,-1,28,-1,-1,-1,29,-1,22,-1],[-1,-1,35,15,-1,-1,-1,-1,0,-1,17,-1,20,-1,-1,-1,24,-1,-1,9],[21,27,-1,-1,-1,-1,-1,-1,-1,0,-1,-1,-1,-1,-1,-1,-1,-1,-1,-1],[-1,12,-1,-1,-1,-1,-1,-1,17,-1,0,-1,-1,-1,-1,7,-1,-1,2,-1],[-1,25,-1,-1,-1,-1,-1,-1,-1,-1,-1,0,-1,-1,3,-1,-1,33,-1,-1],[-1,-1,-1,-1,-1,16,-1,28,20,-1,-1,-1,0,-1,-1,-1,-1,19,-1,-1],[-1,-1,-1,-1,-1,-1,-1,-1,-1,-1,-1,-1,-1,0,-1,-1,-1,-1,14,34],[31,-1,-1,11,-1,-1,-1,-1,-1,-1,-1,3,-1,-1,0,-1,-1,-1,4,-1],[-1,-1,-1,36,-1,-1,37,-1,-1,-1,7,-1,-1,-1,-1,0,-1,-1,38,-1],[-1,-1,-1,-1,-1,-1,-1,29,24,-1,-1,-1,-1,-1,-1,-1,0,-1,-1,-1],[-1,-1,-1,-1,-1,-1,26,-1,-1,-1,-1,33,19,-1,-1,-1,-1,0,-1,-1],[8,-1,-1,-1,18,-1,-1,22,-1,-1,2,-1,-1,14,4,38,-1,-1,0,-1],[-1,6,-1,-1,-1,-1,-1,-1,9,-1,-1,-1,-1,34,-1,-1,-1,-1,-1,0]]},{"NodeCount":20,"EdgeCount":76,"Graph":[[0,-1,20,10,-1,-1,-1,55,-1,-1,-1,-1,-1,-1,-1,-1,-1,-1,-1,-1],[-1,0,-1,61,74,56,-1,-1,-1,-1,-1,54,13,-1,-1,26,-1,-1,-1,-1],[20,-1,0,-1,-1,-1,-1,-1,-1,-1,-1,-1,29,52,33,8,-1,9,57,-1],[10,61,-1,0,75,-1,-1,-1,25,-1,-1,-1,43,-1,24,16,-1,19,14,-1],[-1,74,-1,75,0,-1,2,-1,-1,-1,72,70,-1,-1,-1,41,3,73,63,36],[-1,56,-1,-1,-1,0,-1,-1,-1,-1,40,-1,-1,-1,-1,-1,15,34,65,-1],[-1,-1,-1,-1,2,-1,0,-1,7,-1,-1,45,-1,46,-1,27,17,67,-1,-1],[55,-1,-1,-1,-1,-1,-1,0,23,-1,-1,-1,66,11,-1,71,49,59,-1,-1],[-1,-1,-1,25,-1,-1,7,23,0,-1,39,21,50,-1,-1,-1,38,76,-1,-1],[-1,-1,-1,-1,-1,-1,-1,-1,-1,0,-1,-1,-1,-1,47,-1,31,-1,53,-1],[-1,-1,-1,-1,72,40,-1,-1,39,-1,0,-1,1,4,30,-1,-1,-1,37,-1],[-1,54,-1,-1,70,-1,45,-1,21,-1,-1,0,-1,6,-1,-1,68,-1,18,-1],[-1,13,29,43,-1,-1,-1,66,50,-1,1,-1,0,42,-1,-1,-1,-1,48,51],[-1,-1,52,-1,-1,-1,46,11,-1,-1,4,6,42,0,-1,64,32,-1,44,22],[-1,-1,33,24,-1,-1,-1,-1,-1,47,30,-1,-1,-1,0,-1,60,5,-1,-1],[-1,26,8,16,41,-1,27,71,-1,-1,-1,-1,-1,64,-1,0,69,-1,62,28],[-1,-1,-1,-1,3,15,17,49,38,31,-1,68,-1,32,60,69,0,12,58,35],[-1,-1,9,19,73,34,67,59,76,-1,-1,-1,-1,-1,5,-1,12,0,-1,-1],[-1,-1,57,14,63,65,-1,-1,-1,53,37,18,48,44,-1,62,58,-1,0,-1],[-1,-1,-1,-1,36,-1,-1,-1,-1,-1,-1,-1,51,22,-1,28,35,-1,-1,0]]},{"NodeCount":20,"EdgeCount":114,"Graph":[[0,-1,58,-1,-1,44,100,-1,-1,19,-1,-1,37,84,-1,25,13,33,105,-1],[-1,0,-1,29,-1,-1,-1,-1,79,23,-1,51,-1,80,53,28,-1,-1,103,-1],[58,-1,0,-1,71,-1,96,-1,77,109,-1,50,-1,-1,-1,-1,90,86,38,14],[-1,29,-1,0,73,41,-1,36,-1,26,78,-1,31,-1,30,-1,9,32,39,20],[-1,-1,71,73,0,97,16,-1,57,7,-1,74,-1,34,-1,-1,4,10,-1,11],[44,-1,-1,41,97,0,27,82,-1,18,107,-1,88,111,21,-1,-1,24,102,-1],[100,-1,96,-1,16,27,0,2,83,-1,-1,-1,-1,-1,66,69,68,56,110,95],[-1,-1,-1,36,-1,82,2,0,17,45,114,-1,54,8,85,55,49,-1,70,61],[-1,79,77,-1,57,-1,83,17,0,-1,-1,67,35,-1,5,64,98,89,-1,104],[19,23,109,26,7,18,-1,45,-1,0,112,6,-1,94,-1,93,15,63,47,1],[-1,-1,-1,78,-1,107,-1,114,-1,112,0,48,3,-1,-1,22,99,65,113,46],[-1,51,50,-1,74,-1,-1,-1,67,6,48,0,108,106,43,-1,91,-1,81,-1],[37,-1,-1,31,-1,88,-1,54,35,-1,3,108,0,92,59,-1,40,-1,-1,-1],[84,80,-1,-1,34,111,-1,8,-1,94,-1,106,92,0,72,-1,-1,75,-1,-1],[-1,53,-1,30,-1,21,66,85,5,-1,-1,43,59,72,0,87,52,101,12,-1],[25,28,-1,-1,-1,-1,69,55,64,93,22,-1,-1,-1,87,0,-1,-1,-1,62],[13,-1,90,9,4,-1,68,49,98,15,99,91,40,-1,52,-1,0,42,-1,-1],[33,-1,86,32,10,24,56,-1,89,63,65,-1,-1,75,101,-1,42,0,-1,60],[105,103,38,39,-1,102,110,70,-1,47,113,81,-1,-1,12,-1,-1,-1,0,76],[-1,-1,14,20,11,-1,95,61,104,1,46,-1,-1,-1,-1,62,-1,60,76,0]]},{"NodeCount":20,"EdgeCount":152,"Graph":[[0,-1,110,145,108,-1,117,49,-1,50,131,-1,-1,126,91,134,67,58,-1,-1],[-1,0,-1,140,55,150,34,71,129,75,23,98,26,8,-1,74,65,42,-1,-1],[110,-1,0,33,88,-1,84,-1,35,83,119,45,128,-1,41,82,99,143,101,38],[145,140,33,0,21,2,-1,-1,-1,43,146,31,85,64,11,95,29,40,1,66],[108,55,88,21,0,14,27,107,-1,-1,138,61,16,144,111,137,69,47,-1,15],[-1,150,-1,2,14,0,133,18,77,97,59,122,68,-1,53,114,52,-1,94,32],[117,34,84,-1,27,133,0,-1,28,44,103,3,149,93,148,116,22,63,80,104],[49,71,-1,-1,107,18,-1,0,142,56,-1,141,132,102,125,76,36,151,-1,60],[-1,129,35,-1,-1,77,28,142,0,39,-1,152,37,24,89,118,4,-1,62,-1],[50,75,83,43,-1,97,44,56,39,0,12,30,100,-1,78,81,87,25,123,124],[131,23,119,146,138,59,103,-1,-1,12,0,135,106,121,130,139,5,13,19,17],[-1,98,45,31,61,122,3,141,152,30,135,0,10,51,113,120,115,-1,70,79],[-1,26,128,85,16,68,149,132,37,100,106,10,0,-1,54,136,112,48,105,-1],[126,8,-1,64,144,-1,93,102,24,-1,121,51,-1,0,90,7,-1,57,72,86],[91,-1,41,11,111,53,148,125,89,78,130,113,54,90,0,96,127,20,-1,-1],[134,74,82,95,137,114,116,76,118,81,139,120,136,7,96,0,147,9,46,92],[67,65,99,29,69,52,22,36,4,87,5,115,112,-1,127,147,0,109,-1,6],[58,42,143,40,47,-1,63,151,-1,25,13,-1,48,57,20,9,109,0,73,-1],[-1,-1,101,1,-1,94,80,-1,62,123,19,70,105,72,-1,46,-1,73,0,-1],[-1,-1,38,66,15,32,104,60,-1,124,17,79,-1,86,-1,92,6,-1,-1,0]]},{"NodeCount":20,"EdgeCount":190,"Graph":[[0,80,53,96,119,85,18,162,126,74,102,79,86,181,66,156,176,177,41,149],[80,0,133,129,19,16,64,112,134,120,37,4,22,101,47,3,105,171,109,43],[53,133,0,35,32,186,20,141,68,179,143,25,89,1,144,174,160,159,145,157],[96,129,35,0,69,172,107,36,123,28,81,14,78,60,9,152,185,76,99,21],[119,19,32,69,0,90,7,83,113,2,131,95,167,40,122,142,61,75,15,87],[85,16,186,172,90,0,56,164,91,104,128,180,169,114,184,55,51,27,26,58],[18,64,20,107,7,56,0,33,103,63,116,161,153,130,92,121,65,154,11,132],[162,112,141,36,83,164,33,0,23,17,111,166,178,29,72,125,98,12,84,135],[126,134,68,123,113,91,103,23,0,73,139,187,93,183,88,5,190,10,54,140],[74,120,179,28,2,104,63,17,73,0,175,115,71,48,67,150,38,151,155,30],[102,37,143,81,131,128,116,111,139,175,0,62,8,147,70,24,148,44,39,127],[79,4,25,14,95,180,161,166,187,115,62,0,163,188,50,13,82,52,136,49],[86,22,89,78,167,169,153,178,93,71,8,163,0,59,34,57,165,173,117,106],[181,101,1,60,40,114,130,29,183,48,147,188,59,0,146,110,158,100,189,124],[66,47,144,9,122,184,92,72,88,67,70,50,34,146,0,170,168,97,108,77],[156,3,174,152,142,55,121,125,5,150,24,13,57,110,170,0,46,138,31,6],[176,105,160,185,61,51,65,98,190,38,148,82,165,158,168,46,0,45,94,137],[177,171,159,76,75,27,154,12,10,151,44,52,173,100,97,138,45,0,182,118],[41,109,145,99,15,26,11,84,54,155,39,136,117,189,108,31,94,182,0,42],[149,43,157,21,87,58,132,135,140,30,127,49,106,124,77,6,137,118,42,0]]}]