[{"NodeCount":100,"EdgeCount":990,"Graph":[[0,-1,-1,-1,-1,-1,-1,16,-1,927,900,840,-1,-1,-1,-1,-1,-1,-1,608,-1,415,-1,-1,-1,891,850,-1,948,-1,-1,-1,-1,-1,-1,-1,390,-1,454,-1,-1,-1,85,30,-1,-1,-1,-1,-1,-1,-1,-1,-1,-1,-1,-1,-1,778,-1,84,-1,-1,-1,-1,-1,-1,876,-1,-1,-1,-1,-1,-1,44,-1,-1,-1,-1,-1,-1,-1,316,-1,-1,401,733,-1,-1,-1,-1,-1,964,-1,339,-1,-1,-1,-1,-1,-1],[-1,0,-1,-1,-1,-1,-1,-1,-1,-1,-1,-1,-1,-1,-1,-1,-1,-1,106,975,-1,-1,491,-1,-1,-1,620,-1,-1,-1,-1,237,-1,637,-1,-1,-1,-1,781,-1,-1,-1,-1,-1,-1,-1,769,125,-1,-1,-1,525,-1,-1,-1,-1,-1,-1,877,-1,-1,-1,965,259,-1,-1,-1,409,732,-1,-1,-1,855,-1,-1,-1,-1,-1,-1,-1,-1,-1,-1,-1,-1,-1,-1,-1,-1,-1,-1,-1,-1,-1,-1,-1,-1,-1,-1,65],[-1,-1,0,-1,468,-1,-1,-1,-1,-1,615,-1,-1,-1,-1,-1,349,-1,-1,-1,-1,-1,34,71,-1,-1,-1,-1,-1,-1,160,391,-1,-1,-1,-1,-1,-1,-1,-1,-1,-1,924,89,852,-1,755,-1,511,-1,-1,-1,-1,-1,-1,-1,170,-1,-1,-1,-1,-1,513,-1,-1,-1,-1,-1,-1,-1,-1,-1,161,-1,502,158,363,224,-1,748,-1,362,890,-1,-1,-1,-1,-1,-1,-1,-1,-1,-1,-1,-1,-1,-1,-1,-1,-1],[-1,-1,-1,0,577,-1,-1,821,-1,-1,-1,938,-1,-1,-1,278,-1,834,-1,-1,-1,-1,203,-1,-1,-1,-1,-1,396,-1,-1,-1,-1,-1,-1,-1,-1,842,-1,173,-1,-1,-1,-1,497,-1,-1,-1,-1,-1,981,-1,-1,-1,-1,35,711,-1,-1,-1,-1,-1,-1,-1,-1,-1,-1,-1,-1,898,-1,-1,-1,265,-1,833,-1,649,250,-1,-1,-1,-1,61,-1,-1,-1,-1,-1,-1,-1,-1,13,625,-1,-1,917,-1,-1,187],[-1,-1,468,577,0,97,-1,-1,-1,382,-1,-1,-1,-1,146,-1,-1,-1,-1,-1,-1,-1,-1,-1,-1,-1,-1,-1,-1,302,-1,-1,-1,-1,-1,-1,-1,-1,-1,-1,-1,-1,-1,-1,94,-1,-1,-1,-1,-1,-1,226,-1,-1,-1,-1,734,-1,864,-1,-1,550,-1,904,-1,-1,-1,-1,541,-1,914,-1,-1,-1,803,-1,-1,-1,-1,10,752,954,-1,-1,324,908,-1,-1,-1,-1,-1,-1,-1,-1,-1,-1,33,902,-1,-1],[-1,-1,-1,-1,97,0,-1,143,-1,-1,828,-1,-1,-1,-1,604,-1,-1,-1,-1,-1,-1,-1,-1,-1,-1,-1,-1,-1,-1,-1,-1,-1,-1,-1,-1,-1,-1,-1,-1,-1,-1,-1,-1,-1,-1,-1,-1,-1,-1,-1,346,-1,910,-1,-1,410,157,-1,-1,-1,466,-1,-1,790,558,-1,-1,-1,-1,-1,958,218,-1,12,42,-1,968,-1,-1,-1,7,-1,-1,-1,-1,-1,-1,145,-1,-1,-1,-1,-1,-1,-1,-1,-1,-1,-1],[-1,-1,-1,-1,-1,-1,0,-1,-1,-1,-1,-1,-1,-1,813,-1,194,-1,-1,-1,-1,-1,-1,-1,-1,-1,-1,-1,-1,519,665,-1,-1,-1,451,-1,-1,131,543,207,-1,-1,-1,-1,-1,-1,-1,-1,-1,328,-1,-1,-1,214,374,-1,-1,845,-1,120,-1,-1,-1,-1,-1,-1,49,-1,389,-1,-1,-1,-1,-1,-1,181,-1,-1,-1,565,-1,-1,-1,-1,-1,-1,740,-1,-1,-1,-1,14,253,149,-1,-1,-1,-1,-1,40],[16,-1,-1,821,-1,143,-1,0,-1,-1,-1,-1,865,-1,-1,-1,576,-1,-1,-1,-1,-1,-1,-1,-1,-1,-1,-1,-1,-1,-1,-1,-1,-1,309,-1,-1,-1,841,-1,-1,-1,368,889,616,-1,-1,-1,-1,-1,-1,-1,-1,-1,-1,-1,-1,-1,252,-1,506,-1,-1,-1,-1,-1,-1,-1,-1,-1,281,-1,-1,-1,-1,-1,562,-1,-1,-1,-1,414,861,-1,-1,-1,-1,-1,-1,347,240,-1,-1,-1,-1,310,-1,-1,-1,20],[-1,-1,-1,-1,-1,-1,-1,-1,0,-1,940,-1,-1,-1,348,-1,-1,830,-1,-1,46,-1,-1,-1,-1,-1,-1,496,-1,489,-1,2,-1,-1,979,-1,851,-1,-1,-1,-1,-1,-1,-1,-1,-1,-1,-1,545,-1,557,-1,795,527,-1,-1,-1,-1,-1,-1,-1,-1,-1,261,140,-1,622,870,596,354,-1,650,956,-1,-1,-1,-1,-1,-1,-1,574,-1,-1,-1,-1,-1,720,599,-1,-1,-1,916,-1,-1,-1,-1,-1,-1,-1,-1],[927,-1,-1,-1,382,-1,-1,-1,-1,0,-1,-1,-1,-1,735,-1,397,-1,-1,-1,631,-1,-1,-1,-1,257,823,-1,-1,80,618,-1,-1,-1,-1,-1,-1,-1,-1,-1,-1,126,233,-1,-1,364,-1,-1,-1,-1,-1,231,-1,-1,-1,122,-1,-1,99,-1,-1,-1,-1,-1,50,-1,-1,-1,915,-1,863,-1,-1,-1,-1,-1,-1,-1,-1,-1,434,331,-1,-1,-1,-1,-1,-1,-1,-1,-1,201,-1,-1,-1,825,690,-1,-1,-1],[900,-1,615,-1,-1,828,-1,-1,940,-1,0,-1,-1,-1,-1,-1,-1,508,-1,-1,-1,-1,151,551,-1,-1,-1,-1,-1,-1,-1,-1,288,-1,-1,-1,-1,-1,-1,-1,-1,-1,-1,275,-1,687,-1,-1,-1,-1,-1,-1,29,319,648,-1,-1,-1,955,-1,-1,-1,-1,-1,-1,-1,-1,-1,684,225,117,-1,-1,39,-1,-1,-1,196,-1,-1,-1,300,-1,-1,-1,448,-1,-1,-1,-1,-1,-1,547,-1,-1,-1,-1,-1,-1,-1],[840,-1,-1,938,-1,-1,-1,-1,-1,-1,-1,0,-1,-1,-1,-1,-1,-1,195,-1,-1,-1,738,759,-1,-1,-1,-1,950,90,-1,450,-1,-1,666,-1,501,463,-1,-1,-1,-1,-1,-1,-1,56,-1,-1,-1,-1,-1,-1,-1,-1,-1,-1,-1,-1,-1,-1,-1,-1,-1,-1,73,-1,-1,-1,-1,-1,-1,-1,-1,-1,700,-1,-1,-1,903,594,-1,-1,249,-1,-1,949,-1,556,893,135,-1,-1,708,-1,199,-1,797,-1,-1,-1],[-1,-1,-1,-1,-1,-1,-1,865,-1,-1,-1,-1,0,-1,-1,-1,-1,-1,-1,-1,-1,-1,882,-1,-1,-1,-1,-1,-1,-1,-1,-1,909,-1,-1,688,-1,-1,-1,-1,-1,-1,-1,-1,130,474,800,-1,406,-1,-1,763,-1,-1,-1,-1,-1,-1,57,-1,-1,746,-1,989,-1,-1,-1,-1,-1,-1,-1,-1,-1,-1,710,-1,-1,-1,162,-1,-1,378,-1,-1,-1,-1,-1,-1,-1,-1,-1,-1,-1,217,-1,-1,-1,-1,-1,-1],[-1,-1,-1,-1,-1,-1,-1,-1,-1,-1,-1,-1,-1,0,433,478,-1,-1,786,807,-1,-1,458,970,-1,-1,-1,268,-1,-1,-1,-1,-1,-1,-1,-1,-1,-1,-1,674,743,-1,-1,-1,-1,-1,-1,313,548,985,-1,-1,163,311,-1,-1,-1,-1,-1,-1,-1,-1,-1,-1,-1,427,-1,-1,-1,-1,-1,510,-1,-1,-1,-1,-1,-1,-1,-1,-1,-1,-1,-1,-1,921,-1,-1,-1,-1,-1,-1,-1,248,-1,-1,-1,-1,-1,-1],[-1,-1,-1,-1,146,-1,813,-1,348,735,-1,-1,-1,433,0,-1,188,-1,-1,-1,-1,246,356,-1,812,490,-1,-1,-1,-1,-1,-1,286,987,943,-1,-1,-1,-1,-1,-1,-1,-1,-1,854,-1,77,-1,175,-1,894,-1,881,-1,-1,846,930,-1,-1,-1,-1,-1,-1,-1,-1,-1,977,-1,-1,483,-1,590,-1,23,-1,911,-1,-1,-1,-1,-1,-1,-1,-1,-1,3,-1,-1,-1,-1,103,-1,693,-1,439,-1,683,-1,-1,-1],[-1,-1,-1,278,-1,604,-1,-1,-1,-1,-1,-1,-1,478,-1,0,-1,-1,-1,782,290,-1,-1,-1,-1,-1,388,-1,-1,-1,-1,-1,563,-1,-1,-1,-1,-1,314,-1,-1,-1,210,-1,-1,-1,-1,-1,-1,-1,-1,-1,-1,-1,-1,-1,-1,-1,-1,-1,105,152,-1,-1,-1,-1,-1,-1,-1,-1,277,-1,-1,-1,258,-1,-1,-1,-1,-1,-1,-1,-1,-1,-1,-1,-1,325,-1,22,-1,-1,-1,-1,-1,-1,-1,-1,-1,-1],[-1,-1,349,-1,-1,-1,194,576,-1,397,-1,-1,-1,-1,188,-1,0,-1,-1,-1,-1,-1,-1,-1,-1,-1,-1,-1,636,-1,-1,-1,-1,-1,-1,287,-1,-1,-1,-1,-1,680,-1,-1,-1,-1,-1,853,51,-1,537,-1,-1,-1,-1,-1,-1,-1,-1,-1,959,299,-1,-1,-1,-1,-1,-1,-1,-1,-1,976,-1,-1,-1,-1,-1,-1,-1,-1,-1,-1,428,247,-1,-1,612,-1,-1,-1,-1,-1,-1,-1,-1,-1,-1,-1,-1,-1],[-1,-1,-1,834,-1,-1,-1,-1,830,-1,508,-1,-1,-1,-1,-1,-1,0,-1,-1,-1,-1,-1,-1,-1,503,-1,-1,866,-1,-1,-1,-1,-1,-1,-1,-1,-1,-1,-1,913,895,-1,-1,-1,494,-1,-1,-1,-1,-1,370,-1,-1,-1,66,-1,-1,-1,-1,1,177,-1,-1,-1,212,-1,-1,-1,-1,-1,872,-1,-1,-1,-1,692,495,-1,-1,-1,-1,-1,-1,-1,403,-1,-1,-1,780,-1,-1,298,-1,-1,-1,-1,617,-1,-1],[-1,106,-1,-1,-1,-1,-1,-1,-1,-1,-1,195,-1,786,-1,-1,-1,-1,0,-1,-1,-1,-1,-1,849,-1,-1,-1,-1,-1,-1,-1,411,645,-1,-1,-1,901,-1,-1,402,-1,-1,691,-1,-1,269,-1,-1,-1,-1,102,-1,-1,589,-1,-1,-1,304,-1,371,-1,-1,749,-1,-1,-1,-1,-1,-1,-1,-1,15,-1,326,-1,-1,-1,-1,447,-1,-1,-1,18,-1,707,-1,-1,-1,-1,-1,-1,-1,-1,-1,-1,-1,-1,-1,-1],[608,975,-1,-1,-1,-1,-1,-1,-1,-1,-1,-1,-1,807,-1,782,-1,-1,-1,0,-1,-1,-1,-1,-1,742,-1,-1,-1,-1,-1,-1,-1,-1,-1,829,607,-1,-1,144,571,-1,-1,437,-1,540,-1,-1,171,944,-1,726,-1,-1,-1,905,-1,-1,-1,731,-1,-1,762,568,-1,-1,-1,-1,-1,282,-1,-1,74,221,-1,-1,-1,-1,394,-1,-1,-1,-1,-1,848,-1,-1,-1,-1,-1,-1,-1,-1,-1,-1,-1,-1,-1,-1,-1],[-1,-1,-1,-1,-1,-1,-1,-1,46,631,-1,-1,-1,-1,-1,290,-1,-1,-1,-1,0,-1,-1,-1,798,-1,-1,-1,-1,516,-1,-1,-1,606,-1,-1,-1,238,-1,-1,-1,-1,-1,-1,-1,-1,-1,572,-1,-1,-1,-1,578,-1,-1,-1,337,-1,-1,668,472,-1,773,198,761,-1,-1,-1,330,-1,-1,-1,-1,-1,-1,241,-1,-1,-1,-1,-1,652,471,-1,-1,-1,-1,-1,570,-1,-1,-1,-1,873,-1,-1,-1,-1,-1,-1],[415,-1,-1,-1,-1,-1,-1,-1,-1,-1,-1,-1,-1,-1,246,-1,-1,-1,-1,-1,-1,0,555,-1,-1,-1,-1,-1,907,487,263,-1,-1,-1,-1,-1,-1,-1,-1,322,-1,-1,-1,-1,-1,-1,757,-1,320,-1,365,-1,670,-1,-1,-1,48,661,262,-1,805,-1,-1,-1,359,-1,17,-1,-1,-1,-1,-1,737,-1,-1,-1,-1,-1,190,-1,-1,446,482,-1,-1,-1,-1,182,-1,-1,-1,-1,-1,-1,-1,843,-1,-1,-1,-1],[-1,491,34,203,-1,-1,-1,-1,-1,-1,151,738,882,458,356,-1,-1,-1,-1,-1,-1,555,0,-1,112,-1,-1,-1,799,-1,340,-1,-1,-1,-1,-1,399,244,-1,-1,716,-1,-1,-1,936,-1,-1,-1,-1,-1,-1,-1,-1,-1,172,-1,-1,-1,-1,-1,-1,-1,-1,-1,110,381,-1,-1,-1,-1,-1,-1,-1,-1,462,-1,191,-1,-1,-1,-1,-1,-1,-1,-1,-1,500,-1,-1,-1,303,-1,329,-1,315,-1,-1,-1,-1,-1],[-1,-1,71,-1,-1,-1,-1,-1,-1,-1,551,759,-1,970,-1,-1,-1,-1,-1,-1,-1,-1,-1,0,-1,712,-1,-1,-1,-1,-1,967,-1,-1,-1,-1,542,-1,-1,-1,-1,-1,-1,-1,-1,-1,-1,-1,701,-1,-1,-1,787,-1,64,-1,-1,-1,-1,-1,595,-1,-1,-1,93,323,-1,-1,730,-1,-1,-1,-1,-1,-1,-1,628,925,204,486,-1,-1,-1,-1,232,706,-1,-1,-1,-1,376,-1,764,-1,78,-1,-1,-1,-1,-1],[-1,-1,-1,-1,-1,-1,-1,-1,-1,-1,-1,-1,-1,-1,812,-1,-1,-1,849,-1,798,-1,112,-1,0,-1,-1,-1,-1,-1,256,-1,-1,-1,971,-1,-1,-1,713,-1,-1,-1,-1,-1,-1,969,-1,-1,-1,-1,-1,-1,-1,-1,-1,-1,-1,-1,-1,573,-1,-1,-1,679,-1,-1,517,-1,-1,-1,-1,-1,-1,-1,372,-1,-1,-1,-1,-1,-1,-1,-1,-1,480,857,-1,-1,-1,-1,-1,744,-1,-1,-1,-1,-1,-1,-1,453],[891,-1,-1,-1,-1,-1,-1,-1,-1,257,-1,-1,-1,-1,490,-1,-1,503,-1,742,-1,-1,-1,712,-1,0,-1,242,-1,-1,559,-1,-1,-1,-1,-1,820,952,814,-1,-1,-1,154,-1,-1,338,-1,-1,-1,-1,-1,25,-1,634,417,-1,-1,963,-1,-1,-1,-1,-1,-1,-1,-1,-1,8,-1,488,360,165,-1,-1,-1,-1,-1,-1,754,-1,-1,37,-1,45,-1,-1,-1,-1,-1,-1,-1,810,-1,-1,721,-1,-1,-1,978,-1],[850,620,-1,-1,-1,-1,-1,-1,-1,823,-1,-1,-1,-1,-1,388,-1,-1,-1,-1,-1,-1,-1,-1,-1,-1,0,-1,211,-1,-1,222,-1,-1,-1,-1,-1,-1,-1,-1,518,-1,-1,-1,-1,-1,-1,-1,-1,-1,-1,-1,-1,-1,-1,630,-1,-1,-1,-1,-1,-1,-1,-1,-1,100,-1,-1,-1,-1,-1,-1,-1,-1,-1,-1,-1,-1,-1,-1,880,-1,-1,844,-1,-1,-1,424,-1,-1,-1,-1,983,-1,-1,-1,-1,-1,-1,832],[-1,-1,-1,-1,-1,-1,-1,-1,496,-1,-1,-1,-1,268,-1,-1,-1,-1,-1,-1,-1,-1,-1,-1,-1,242,-1,0,-1,-1,-1,521,-1,619,-1,-1,-1,-1,-1,404,-1,-1,-1,-1,-1,-1,-1,-1,-1,-1,-1,-1,-1,-1,591,-1,-1,400,-1,-1,-1,-1,-1,-1,-1,-1,-1,-1,552,-1,-1,-1,-1,-1,-1,-1,-1,-1,-1,-1,-1,-1,-1,-1,-1,-1,-1,-1,-1,-1,341,-1,-1,-1,-1,-1,-1,-1,-1,-1],[948,-1,-1,396,-1,-1,-1,-1,-1,-1,-1,950,-1,-1,-1,-1,636,866,-1,-1,-1,907,799,-1,-1,-1,211,-1,0,-1,405,-1,-1,-1,-1,-1,-1,-1,751,-1,-1,-1,-1,429,-1,-1,-1,-1,-1,-1,-1,-1,-1,-1,-1,142,-1,677,-1,-1,-1,-1,-1,-1,-1,-1,62,-1,-1,-1,-1,357,-1,-1,460,623,-1,-1,747,-1,-1,-1,-1,753,-1,-1,-1,-1,-1,-1,-1,-1,-1,-1,-1,-1,-1,-1,-1,43],[-1,-1,-1,-1,302,-1,519,-1,489,80,-1,90,-1,-1,-1,-1,-1,-1,-1,-1,516,487,-1,-1,-1,-1,-1,-1,-1,0,-1,-1,-1,724,-1,-1,-1,-1,-1,-1,-1,-1,-1,-1,675,-1,-1,-1,-1,-1,-1,-1,-1,-1,-1,-1,-1,-1,-1,892,765,-1,-1,587,600,-1,-1,-1,-1,-1,-1,-1,-1,-1,945,-1,-1,-1,-1,-1,-1,-1,-1,703,-1,295,-1,197,603,-1,-1,-1,-1,-1,-1,-1,-1,-1,-1,-1],[-1,-1,160,-1,-1,-1,665,-1,-1,618,-1,-1,-1,-1,-1,-1,-1,-1,-1,-1,-1,263,340,-1,256,559,-1,-1,405,-1,0,230,-1,-1,-1,-1,-1,-1,-1,-1,-1,-1,54,512,-1,-1,-1,-1,639,147,-1,-1,-1,-1,528,-1,-1,-1,-1,83,-1,-1,470,-1,-1,681,-1,-1,-1,-1,934,-1,725,-1,-1,-1,-1,-1,-1,-1,-1,-1,-1,-1,-1,-1,-1,-1,-1,-1,-1,-1,-1,-1,-1,-1,-1,-1,-1,-1],[-1,237,391,-1,-1,-1,-1,-1,2,-1,-1,450,-1,-1,-1,-1,-1,-1,-1,-1,-1,-1,-1,967,-1,-1,222,521,-1,-1,230,0,-1,202,-1,-1,-1,-1,-1,-1,-1,-1,-1,-1,-1,582,801,-1,946,-1,-1,475,-1,-1,72,554,-1,984,-1,-1,-1,-1,-1,-1,-1,-1,-1,-1,667,-1,-1,-1,-1,779,-1,-1,758,-1,739,-1,-1,553,-1,-1,-1,-1,-1,-1,-1,-1,53,-1,-1,164,522,-1,-1,-1,-1,-1],[-1,-1,-1,-1,-1,-1,-1,-1,-1,-1,288,-1,909,-1,286,563,-1,-1,411,-1,-1,-1,-1,-1,-1,-1,-1,-1,-1,-1,-1,-1,0,-1,931,-1,183,-1,-1,-1,-1,-1,-1,-1,-1,-1,-1,611,-1,-1,-1,-1,-1,-1,-1,-1,-1,-1,-1,593,-1,-1,392,-1,-1,-1,-1,-1,-1,-1,-1,718,-1,284,838,-1,-1,-1,484,-1,659,-1,-1,-1,-1,-1,-1,-1,-1,-1,-1,-1,-1,-1,745,-1,-1,-1,-1,-1],[-1,637,-1,-1,-1,-1,-1,-1,-1,-1,-1,-1,-1,-1,987,-1,-1,-1,645,-1,606,-1,-1,-1,-1,-1,-1,619,-1,724,-1,202,-1,0,-1,-1,-1,-1,-1,-1,-1,-1,-1,-1,-1,-1,-1,-1,-1,-1,-1,-1,-1,-1,-1,-1,-1,156,-1,-1,-1,-1,-1,-1,-1,-1,-1,-1,-1,-1,-1,-1,662,-1,-1,-1,-1,75,-1,-1,-1,-1,-1,-1,-1,-1,-1,-1,-1,-1,-1,-1,-1,698,-1,-1,440,-1,-1,-1],[-1,-1,-1,-1,-1,-1,451,309,979,-1,-1,666,-1,-1,943,-1,-1,-1,-1,-1,-1,-1,-1,-1,971,-1,-1,-1,-1,-1,-1,-1,931,-1,0,-1,-1,-1,-1,-1,-1,-1,-1,-1,-1,11,-1,351,-1,736,-1,-1,867,682,-1,-1,307,-1,-1,-1,-1,-1,-1,-1,538,-1,-1,-1,-1,-1,-1,-1,-1,-1,-1,-1,-1,-1,-1,-1,-1,-1,-1,335,-1,-1,-1,-1,-1,-1,-1,-1,-1,-1,92,507,-1,-1,-1,-1],[-1,-1,-1,-1,-1,-1,-1,-1,-1,-1,-1,-1,688,-1,-1,-1,287,-1,-1,829,-1,-1,-1,-1,-1,-1,-1,-1,-1,-1,-1,-1,-1,-1,-1,0,-1,-1,-1,-1,664,-1,-1,-1,-1,-1,-1,-1,215,-1,531,-1,-1,-1,-1,-1,-1,-1,-1,-1,-1,-1,-1,-1,-1,-1,-1,638,-1,-1,-1,-1,-1,-1,-1,-1,-1,-1,-1,-1,-1,-1,-1,-1,-1,-1,-1,-1,32,-1,-1,332,-1,343,-1,-1,-1,-1,-1,-1],[390,-1,-1,-1,-1,-1,-1,-1,851,-1,-1,501,-1,-1,-1,-1,-1,-1,-1,607,-1,-1,399,542,-1,820,-1,-1,-1,-1,-1,-1,183,-1,-1,-1,0,-1,-1,-1,-1,-1,-1,-1,-1,239,-1,-1,-1,919,-1,-1,-1,951,-1,-1,-1,-1,-1,312,-1,-1,336,-1,-1,280,416,-1,266,-1,-1,-1,-1,-1,-1,-1,-1,-1,408,-1,132,-1,-1,-1,115,-1,-1,-1,-1,-1,-1,-1,-1,-1,-1,209,-1,398,-1,180],[-1,-1,-1,842,-1,-1,131,-1,-1,-1,-1,463,-1,-1,-1,-1,-1,-1,901,-1,238,-1,244,-1,-1,952,-1,-1,-1,-1,-1,-1,-1,-1,-1,-1,-1,0,564,-1,-1,-1,-1,689,-1,-1,-1,-1,-1,245,817,-1,704,906,-1,-1,-1,-1,-1,614,317,-1,-1,-1,-1,-1,-1,-1,-1,-1,-1,-1,-1,-1,86,-1,-1,-1,960,-1,-1,436,-1,-1,-1,-1,-1,-1,-1,-1,-1,-1,384,-1,116,-1,-1,-1,-1,-1],[454,781,-1,-1,-1,-1,543,841,-1,-1,-1,-1,-1,-1,-1,314,-1,-1,-1,-1,-1,-1,-1,-1,713,814,-1,-1,751,-1,-1,-1,-1,-1,-1,-1,-1,564,0,-1,-1,635,-1,770,-1,-1,-1,-1,514,-1,-1,888,-1,926,-1,-1,694,-1,-1,-1,947,-1,-1,-1,-1,-1,-1,-1,-1,-1,185,-1,-1,-1,-1,-1,-1,-1,236,-1,-1,581,-1,-1,465,-1,-1,-1,476,-1,535,-1,308,-1,-1,-1,-1,-1,-1,-1],[-1,-1,-1,173,-1,-1,207,-1,-1,-1,-1,-1,-1,674,-1,-1,-1,-1,-1,144,-1,322,-1,-1,-1,-1,-1,404,-1,-1,-1,-1,-1,-1,-1,-1,-1,-1,-1,0,413,-1,-1,-1,-1,-1,-1,-1,-1,-1,369,-1,-1,-1,-1,-1,-1,-1,-1,804,-1,-1,699,-1,-1,-1,-1,-1,393,-1,-1,-1,-1,-1,-1,-1,-1,-1,-1,-1,-1,-1,-1,-1,-1,767,-1,-1,-1,-1,-1,887,485,-1,-1,-1,-1,-1,-1,-1],[-1,-1,-1,-1,-1,-1,-1,-1,-1,-1,-1,-1,-1,743,-1,-1,-1,913,402,571,-1,-1,716,-1,-1,-1,518,-1,-1,-1,-1,-1,-1,-1,-1,664,-1,-1,-1,413,0,111,-1,741,-1,-1,479,-1,-1,-1,123,-1,-1,-1,-1,-1,633,-1,-1,-1,-1,-1,-1,-1,-1,-1,-1,-1,-1,-1,-1,-1,-1,-1,-1,-1,-1,223,-1,438,-1,-1,-1,-1,-1,-1,-1,-1,-1,-1,-1,-1,208,-1,-1,-1,702,-1,-1,-1],[-1,-1,-1,-1,-1,-1,-1,-1,-1,126,-1,-1,-1,-1,-1,-1,680,895,-1,-1,-1,-1,-1,-1,-1,-1,-1,-1,-1,-1,-1,-1,-1,-1,-1,-1,-1,-1,635,-1,111,0,-1,-1,-1,896,-1,-1,-1,-1,-1,-1,-1,-1,-1,-1,-1,-1,728,-1,-1,-1,-1,-1,-1,-1,-1,-1,-1,-1,442,-1,879,-1,-1,646,301,-1,-1,-1,-1,663,-1,-1,-1,155,-1,-1,-1,-1,629,-1,-1,344,-1,-1,-1,-1,-1,-1],[85,-1,924,-1,-1,-1,-1,368,-1,233,-1,-1,-1,-1,-1,210,-1,-1,-1,-1,-1,-1,-1,-1,-1,154,-1,-1,-1,-1,54,-1,-1,-1,-1,-1,-1,-1,-1,-1,-1,-1,0,-1,-1,-1,-1,-1,-1,-1,-1,-1,644,-1,-1,962,-1,-1,-1,467,-1,-1,-1,-1,-1,685,-1,297,-1,627,-1,-1,-1,-1,-1,-1,794,-1,-1,-1,-1,-1,-1,505,-1,-1,-1,-1,-1,373,-1,-1,-1,-1,-1,119,-1,-1,-1,-1],[30,-1,89,-1,-1,-1,-1,889,-1,-1,275,-1,-1,-1,-1,-1,-1,-1,691,437,-1,-1,-1,-1,-1,-1,-1,-1,429,-1,512,-1,-1,-1,-1,-1,-1,689,770,-1,741,-1,-1,0,-1,-1,584,-1,-1,868,818,808,26,-1,-1,-1,-1,-1,-1,-1,-1,-1,-1,-1,-1,-1,289,-1,-1,-1,-1,-1,-1,-1,-1,709,-1,-1,-1,-1,-1,-1,-1,-1,-1,-1,-1,-1,-1,-1,-1,-1,-1,213,-1,5,-1,-1,-1,-1],[-1,-1,852,497,94,-1,-1,616,-1,-1,-1,-1,130,-1,854,-1,-1,-1,-1,-1,-1,-1,936,-1,-1,-1,-1,-1,-1,675,-1,-1,-1,-1,-1,-1,-1,-1,-1,-1,-1,-1,-1,-1,0,-1,-1,-1,-1,-1,-1,750,-1,-1,-1,-1,-1,-1,-1,-1,-1,-1,-1,-1,-1,-1,-1,-1,321,-1,137,-1,-1,291,-1,-1,-1,-1,-1,-1,-1,-1,-1,-1,88,-1,-1,-1,-1,-1,588,-1,-1,-1,-1,-1,-1,-1,-1,-1],[-1,-1,-1,-1,-1,-1,-1,-1,-1,364,687,56,474,-1,-1,-1,-1,494,-1,540,-1,-1,-1,-1,969,338,-1,-1,-1,-1,-1,582,-1,-1,11,-1,239,-1,-1,-1,-1,896,-1,-1,-1,0,-1,-1,-1,-1,-1,-1,-1,-1,705,4,-1,-1,-1,-1,532,-1,-1,264,-1,-1,-1,96,-1,-1,-1,-1,-1,-1,-1,-1,-1,-1,-1,-1,-1,441,-1,-1,-1,839,-1,-1,827,-1,-1,-1,-1,-1,-1,-1,-1,-1,783,-1],[-1,769,755,-1,-1,-1,-1,-1,-1,-1,-1,-1,800,-1,77,-1,-1,-1,269,-1,-1,757,-1,-1,-1,-1,-1,-1,-1,-1,-1,801,-1,-1,-1,-1,-1,-1,-1,-1,479,-1,-1,584,-1,-1,0,-1,-1,-1,-1,-1,-1,-1,-1,28,-1,-1,-1,-1,-1,-1,-1,-1,499,-1,524,-1,-1,-1,-1,-1,-1,-1,-1,-1,-1,-1,-1,-1,-1,-1,-1,-1,-1,-1,-1,-1,-1,-1,-1,-1,-1,-1,353,-1,-1,-1,-1,-1],[-1,125,-1,-1,-1,-1,-1,-1,-1,-1,-1,-1,-1,313,-1,-1,853,-1,-1,-1,572,-1,-1,-1,-1,-1,-1,-1,-1,-1,-1,-1,611,-1,351,-1,-1,-1,-1,-1,-1,-1,-1,-1,-1,-1,-1,0,-1,-1,647,205,-1,-1,-1,-1,539,-1,-1,-1,-1,-1,-1,586,-1,167,-1,-1,-1,819,-1,-1,70,-1,-1,-1,526,859,-1,-1,-1,-1,-1,-1,-1,-1,835,-1,-1,128,-1,-1,-1,-1,-1,-1,-1,-1,-1,929],[-1,-1,511,-1,-1,-1,-1,-1,545,-1,-1,-1,406,548,175,-1,51,-1,-1,171,-1,320,-1,701,-1,-1,-1,-1,-1,-1,639,946,-1,-1,-1,215,-1,-1,514,-1,-1,-1,-1,-1,-1,-1,-1,-1,0,-1,141,63,-1,-1,-1,806,-1,-1,673,-1,-1,-1,641,-1,-1,-1,-1,-1,-1,-1,-1,192,6,610,-1,133,-1,-1,-1,-1,-1,-1,-1,-1,756,-1,-1,-1,-1,-1,653,-1,-1,-1,-1,-1,366,530,-1,-1],[-1,-1,-1,-1,-1,-1,328,-1,-1,-1,-1,-1,-1,985,-1,-1,-1,-1,-1,944,-1,-1,-1,-1,-1,-1,-1,-1,-1,-1,147,-1,-1,-1,736,-1,919,245,-1,-1,-1,-1,-1,868,-1,-1,-1,-1,-1,0,-1,-1,-1,-1,-1,-1,21,-1,-1,-1,-1,-1,-1,-1,-1,-1,-1,-1,107,-1,220,567,-1,367,-1,-1,-1,352,-1,697,168,-1,-1,-1,-1,-1,-1,-1,-1,-1,-1,-1,-1,883,-1,923,-1,-1,-1,-1],[-1,-1,-1,981,-1,-1,-1,-1,557,-1,-1,-1,-1,-1,894,-1,537,-1,-1,-1,-1,365,-1,-1,-1,-1,-1,-1,-1,-1,-1,-1,-1,-1,-1,531,-1,817,-1,369,123,-1,-1,818,-1,-1,-1,647,141,-1,0,-1,-1,-1,-1,407,-1,-1,-1,-1,-1,-1,-1,-1,-1,-1,-1,-1,-1,333,-1,95,937,31,-1,-1,523,-1,-1,418,678,655,-1,350,-1,-1,-1,-1,784,-1,-1,-1,-1,-1,-1,-1,-1,-1,-1,544],[-1,525,-1,-1,226,346,-1,-1,-1,231,-1,-1,763,-1,-1,-1,-1,370,102,726,-1,-1,-1,-1,-1,25,-1,-1,-1,-1,-1,475,-1,-1,-1,-1,-1,-1,888,-1,-1,-1,-1,808,750,-1,-1,205,63,-1,-1,0,296,455,-1,134,-1,-1,-1,-1,-1,-1,-1,-1,186,-1,-1,-1,-1,-1,-1,-1,459,-1,-1,-1,719,377,-1,-1,-1,-1,-1,-1,886,-1,254,109,-1,-1,-1,-1,-1,327,-1,-1,836,-1,-1,386],[-1,-1,-1,-1,-1,-1,-1,-1,795,-1,29,-1,-1,163,881,-1,-1,-1,-1,-1,578,670,-1,787,-1,-1,-1,-1,-1,-1,-1,-1,-1,-1,867,-1,-1,704,-1,-1,-1,-1,644,26,-1,-1,-1,-1,-1,-1,-1,296,0,-1,-1,-1,-1,-1,449,-1,-1,-1,-1,-1,-1,-1,-1,-1,-1,-1,-1,-1,-1,421,-1,-1,9,-1,-1,-1,-1,-1,-1,-1,-1,-1,654,-1,-1,-1,345,251,-1,561,-1,-1,-1,-1,-1,-1],[-1,-1,-1,-1,-1,910,214,-1,527,-1,319,-1,-1,311,-1,-1,-1,-1,-1,-1,-1,-1,-1,-1,-1,634,-1,-1,-1,-1,-1,-1,-1,-1,682,-1,951,906,926,-1,-1,-1,-1,-1,-1,-1,-1,-1,-1,-1,-1,455,-1,0,87,-1,426,-1,-1,129,-1,-1,515,-1,-1,974,-1,-1,174,-1,566,-1,279,-1,-1,55,444,-1,361,-1,-1,127,-1,-1,-1,101,-1,-1,-1,-1,422,-1,957,-1,-1,-1,-1,58,-1,-1],[-1,-1,-1,-1,-1,-1,374,-1,-1,-1,648,-1,-1,-1,-1,-1,-1,-1,589,-1,-1,-1,172,64,-1,417,-1,591,-1,-1,528,72,-1,-1,-1,-1,-1,-1,-1,-1,-1,-1,-1,-1,-1,705,-1,-1,-1,-1,-1,-1,-1,87,0,469,658,-1,-1,-1,-1,-1,-1,-1,452,-1,-1,-1,-1,-1,-1,-1,-1,-1,-1,-1,283,-1,-1,-1,-1,-1,-1,-1,59,973,-1,874,-1,-1,-1,-1,-1,-1,-1,-1,-1,-1,-1,-1],[-1,-1,-1,35,-1,-1,-1,-1,-1,122,-1,-1,-1,-1,846,-1,-1,66,-1,905,-1,-1,-1,-1,-1,-1,630,-1,142,-1,-1,554,-1,-1,-1,-1,-1,-1,-1,-1,-1,-1,962,-1,-1,4,28,-1,806,-1,407,134,-1,-1,469,0,-1,928,-1,-1,-1,533,-1,598,-1,-1,-1,-1,-1,-1,-1,-1,-1,-1,-1,-1,-1,-1,-1,-1,-1,-1,672,-1,-1,-1,-1,-1,-1,-1,-1,-1,81,-1,986,-1,-1,-1,-1,-1],[-1,-1,170,711,734,410,-1,-1,-1,-1,-1,-1,-1,-1,930,-1,-1,-1,-1,-1,337,48,-1,-1,-1,-1,-1,-1,-1,-1,-1,-1,-1,-1,307,-1,-1,-1,694,-1,633,-1,-1,-1,-1,-1,-1,539,-1,21,-1,-1,-1,426,658,-1,0,-1,-1,824,-1,-1,-1,-1,942,-1,-1,-1,580,-1,-1,-1,-1,-1,-1,-1,-1,-1,-1,-1,-1,-1,-1,774,-1,-1,-1,-1,796,-1,-1,-1,-1,274,-1,124,-1,-1,-1,-1],[778,-1,-1,-1,-1,157,845,-1,-1,-1,-1,-1,-1,-1,-1,-1,-1,-1,-1,-1,-1,661,-1,-1,-1,963,-1,400,677,-1,-1,984,-1,156,-1,-1,-1,-1,-1,-1,-1,-1,-1,-1,-1,-1,-1,-1,-1,-1,-1,-1,-1,-1,-1,928,-1,0,-1,-1,-1,-1,-1,-1,-1,-1,918,-1,-1,-1,-1,-1,219,492,-1,826,-1,-1,-1,-1,-1,816,-1,-1,772,-1,108,189,-1,912,-1,-1,-1,-1,-1,-1,-1,-1,-1,-1],[-1,877,-1,-1,864,-1,-1,252,-1,99,955,-1,57,-1,-1,-1,-1,-1,304,-1,-1,262,-1,-1,-1,-1,-1,-1,-1,-1,-1,-1,-1,-1,-1,-1,-1,-1,-1,-1,-1,728,-1,-1,-1,-1,-1,-1,673,-1,-1,-1,449,-1,-1,-1,-1,-1,0,-1,-1,-1,318,-1,-1,-1,41,-1,920,-1,-1,-1,-1,-1,822,52,-1,457,-1,-1,-1,-1,-1,-1,-1,-1,-1,-1,-1,-1,-1,-1,592,-1,-1,-1,-1,-1,-1,657],[84,-1,-1,-1,-1,-1,120,-1,-1,-1,-1,-1,-1,-1,-1,-1,-1,-1,-1,731,668,-1,-1,-1,573,-1,-1,-1,-1,892,83,-1,593,-1,-1,-1,312,614,-1,804,-1,-1,467,-1,-1,-1,-1,-1,-1,-1,-1,-1,-1,129,-1,-1,824,-1,-1,0,-1,-1,-1,-1,941,-1,-1,-1,-1,-1,-1,-1,-1,-1,-1,-1,-1,-1,-1,-1,-1,-1,-1,-1,-1,-1,481,660,-1,-1,-1,-1,-1,597,-1,-1,-1,-1,-1,-1],[-1,-1,-1,-1,-1,-1,-1,506,-1,-1,-1,-1,-1,-1,-1,105,959,1,371,-1,472,805,-1,595,-1,-1,-1,-1,-1,765,-1,-1,-1,-1,-1,-1,-1,317,947,-1,-1,-1,-1,-1,-1,532,-1,-1,-1,-1,-1,-1,-1,-1,-1,-1,-1,-1,-1,-1,0,-1,114,-1,-1,-1,-1,-1,-1,-1,-1,419,-1,-1,-1,-1,529,-1,-1,-1,862,990,-1,-1,-1,-1,-1,-1,-1,-1,-1,-1,-1,-1,-1,-1,613,509,-1,-1],[-1,-1,-1,-1,550,466,-1,-1,-1,-1,-1,-1,746,-1,-1,152,299,177,-1,-1,-1,-1,-1,-1,-1,-1,-1,-1,-1,-1,-1,-1,-1,-1,-1,-1,-1,-1,-1,-1,-1,-1,-1,-1,-1,-1,-1,-1,-1,-1,-1,-1,-1,-1,-1,533,-1,-1,-1,-1,-1,0,-1,-1,-1,831,-1,-1,118,379,-1,-1,-1,-1,722,-1,464,-1,-1,-1,-1,-1,-1,-1,425,138,-1,-1,-1,-1,-1,-1,676,811,-1,-1,847,153,-1,-1],[-1,965,513,-1,-1,-1,-1,-1,-1,-1,-1,-1,-1,-1,-1,-1,-1,-1,-1,762,773,-1,-1,-1,-1,-1,-1,-1,-1,-1,470,-1,392,-1,-1,-1,336,-1,-1,699,-1,-1,-1,-1,-1,-1,-1,-1,641,-1,-1,-1,-1,515,-1,-1,-1,-1,318,-1,114,-1,0,-1,-1,-1,-1,-1,-1,355,-1,-1,-1,-1,-1,809,-1,-1,-1,714,-1,-1,-1,445,-1,305,-1,-1,-1,-1,-1,-1,-1,-1,-1,-1,-1,-1,-1,-1],[-1,259,-1,-1,904,-1,-1,-1,261,-1,-1,-1,989,-1,-1,-1,-1,-1,749,568,198,-1,-1,-1,679,-1,-1,-1,-1,587,-1,-1,-1,-1,-1,-1,-1,-1,-1,-1,-1,-1,-1,-1,-1,264,-1,586,-1,-1,-1,-1,-1,-1,-1,598,-1,-1,-1,-1,-1,-1,-1,0,273,-1,520,285,-1,-1,-1,-1,-1,-1,-1,-1,-1,255,166,-1,-1,-1,-1,-1,-1,-1,-1,-1,-1,206,-1,-1,-1,-1,139,-1,-1,79,-1,-1],[-1,-1,-1,-1,-1,790,-1,-1,140,50,-1,73,-1,-1,-1,-1,-1,-1,-1,-1,761,359,110,93,-1,-1,-1,-1,-1,600,-1,-1,-1,-1,538,-1,-1,-1,-1,-1,-1,-1,-1,-1,-1,-1,499,-1,-1,-1,-1,186,-1,-1,452,-1,942,-1,-1,941,-1,-1,-1,273,0,473,-1,-1,-1,-1,-1,-1,-1,-1,-1,-1,-1,-1,-1,-1,640,856,-1,-1,-1,-1,-1,-1,-1,-1,-1,-1,104,575,878,815,-1,549,-1,-1],[-1,-1,-1,-1,-1,558,-1,-1,-1,-1,-1,-1,-1,427,-1,-1,-1,212,-1,-1,-1,-1,381,323,-1,-1,100,-1,-1,-1,681,-1,-1,-1,-1,-1,280,-1,-1,-1,-1,-1,685,-1,-1,-1,-1,167,-1,-1,-1,-1,-1,974,-1,-1,-1,-1,-1,-1,-1,831,-1,-1,473,0,-1,-1,837,-1,686,-1,-1,899,-1,193,-1,-1,24,-1,-1,-1,-1,-1,-1,-1,-1,-1,-1,602,67,-1,-1,-1,-1,-1,423,-1,-1,-1],[876,-1,-1,-1,-1,-1,49,-1,622,-1,-1,-1,-1,-1,977,-1,-1,-1,-1,-1,-1,17,-1,-1,517,-1,-1,-1,62,-1,-1,-1,-1,-1,-1,-1,416,-1,-1,-1,-1,-1,-1,289,-1,-1,524,-1,-1,-1,-1,-1,-1,-1,-1,-1,-1,918,41,-1,-1,-1,-1,520,-1,-1,0,-1,-1,-1,-1,-1,375,-1,-1,-1,292,200,-1,-1,-1,-1,-1,-1,792,-1,-1,-1,-1,-1,-1,-1,-1,-1,-1,-1,-1,432,560,-1],[-1,409,-1,-1,-1,-1,-1,-1,870,-1,-1,-1,-1,-1,-1,-1,-1,-1,-1,-1,-1,-1,-1,-1,-1,8,-1,-1,-1,-1,-1,-1,-1,-1,-1,638,-1,-1,-1,-1,-1,-1,297,-1,-1,96,-1,-1,-1,-1,-1,-1,-1,-1,-1,-1,-1,-1,-1,-1,-1,-1,-1,285,-1,-1,-1,0,-1,-1,443,-1,-1,-1,-1,27,-1,-1,884,38,-1,-1,-1,-1,-1,-1,643,-1,-1,-1,-1,-1,431,-1,-1,-1,-1,777,-1,-1],[-1,732,-1,-1,541,-1,389,-1,596,915,684,-1,-1,-1,-1,-1,-1,-1,-1,-1,330,-1,-1,730,-1,-1,-1,552,-1,-1,-1,667,-1,-1,-1,-1,266,-1,-1,393,-1,-1,-1,-1,321,-1,-1,-1,-1,107,-1,-1,-1,174,-1,-1,580,-1,920,-1,-1,118,-1,-1,-1,837,-1,-1,0,-1,715,-1,-1,642,-1,601,-1,-1,76,860,869,727,-1,-1,-1,775,-1,-1,-1,-1,-1,234,-1,-1,-1,-1,-1,-1,585,-1],[-1,-1,-1,898,-1,-1,-1,-1,354,-1,225,-1,-1,-1,483,-1,-1,-1,-1,282,-1,-1,-1,-1,-1,488,-1,-1,-1,-1,-1,-1,-1,-1,-1,-1,-1,-1,-1,-1,-1,-1,627,-1,-1,-1,-1,819,-1,-1,333,-1,-1,-1,-1,-1,-1,-1,-1,-1,-1,379,355,-1,-1,-1,-1,-1,-1,0,-1,-1,-1,-1,-1,-1,-1,-1,-1,-1,498,-1,-1,-1,-1,-1,-1,358,412,-1,875,624,-1,-1,-1,395,-1,-1,966,-1],[-1,-1,-1,-1,914,-1,-1,281,-1,863,117,-1,-1,-1,-1,277,-1,-1,-1,-1,-1,-1,-1,-1,-1,360,-1,-1,-1,-1,934,-1,-1,-1,-1,-1,-1,-1,185,-1,-1,442,-1,-1,137,-1,-1,-1,-1,220,-1,-1,-1,566,-1,-1,-1,-1,-1,-1,-1,-1,-1,-1,-1,686,-1,443,715,-1,0,696,-1,-1,546,-1,-1,-1,176,-1,-1,47,-1,871,-1,-1,-1,-1,-1,-1,-1,-1,-1,-1,789,-1,-1,-1,-1,-1],[-1,-1,-1,-1,-1,958,-1,-1,650,-1,-1,-1,-1,510,590,-1,976,872,-1,-1,-1,-1,-1,-1,-1,165,-1,-1,357,-1,-1,-1,718,-1,-1,-1,-1,-1,-1,-1,-1,-1,-1,-1,-1,-1,-1,-1,192,567,95,-1,-1,-1,-1,-1,-1,-1,-1,-1,419,-1,-1,-1,-1,-1,-1,-1,-1,-1,696,0,766,-1,569,-1,-1,-1,-1,-1,-1,-1,-1,387,-1,-1,-1,-1,-1,-1,-1,-1,-1,-1,-1,717,-1,243,-1,-1],[-1,855,161,-1,-1,218,-1,-1,956,-1,-1,-1,-1,-1,-1,-1,-1,-1,15,74,-1,737,-1,-1,-1,-1,-1,-1,-1,-1,725,-1,-1,662,-1,-1,-1,-1,-1,-1,-1,879,-1,-1,-1,-1,-1,70,6,-1,937,459,-1,279,-1,-1,-1,219,-1,-1,-1,-1,-1,-1,-1,-1,375,-1,-1,-1,-1,766,0,-1,-1,-1,-1,-1,-1,-1,-1,-1,-1,579,-1,235,-1,-1,293,-1,-1,-1,-1,-1,-1,-1,-1,456,-1,-1],[44,-1,-1,265,-1,-1,-1,-1,-1,-1,39,-1,-1,-1,23,-1,-1,-1,-1,221,-1,-1,-1,-1,-1,-1,-1,-1,-1,-1,-1,779,284,-1,-1,-1,-1,-1,-1,-1,-1,-1,-1,-1,291,-1,-1,-1,610,367,31,-1,421,-1,-1,-1,-1,492,-1,-1,-1,-1,-1,-1,-1,899,-1,-1,642,-1,-1,-1,-1,0,-1,-1,461,791,504,-1,-1,695,-1,-1,-1,-1,-1,932,82,260,788,-1,-1,980,760,-1,-1,477,-1,-1],[-1,-1,502,-1,803,12,-1,-1,-1,-1,-1,700,710,-1,-1,258,-1,-1,326,-1,-1,-1,462,-1,372,-1,-1,-1,460,945,-1,-1,838,-1,-1,-1,-1,86,-1,-1,-1,-1,-1,-1,-1,-1,-1,-1,-1,-1,-1,-1,-1,-1,-1,-1,-1,-1,822,-1,-1,722,-1,-1,-1,-1,-1,-1,-1,-1,546,569,-1,-1,0,-1,-1,-1,-1,334,-1,-1,-1,-1,-1,-1,-1,-1,69,136,-1,-1,-1,-1,385,-1,-1,342,-1,-1],[-1,-1,158,833,-1,42,181,-1,-1,-1,-1,-1,-1,-1,911,-1,-1,-1,-1,-1,241,-1,-1,-1,-1,-1,-1,-1,623,-1,-1,-1,-1,-1,-1,-1,-1,-1,-1,-1,-1,646,-1,709,-1,-1,-1,-1,133,-1,-1,-1,-1,55,-1,-1,-1,826,52,-1,-1,-1,809,-1,-1,193,-1,27,601,-1,-1,-1,-1,-1,-1,0,-1,-1,-1,-1,-1,-1,-1,121,-1,383,-1,771,-1,-1,982,-1,-1,-1,-1,-1,-1,-1,671,961],[-1,-1,363,-1,-1,-1,-1,562,-1,-1,-1,-1,-1,-1,-1,-1,-1,692,-1,-1,-1,-1,191,628,-1,-1,-1,-1,-1,-1,-1,758,-1,-1,-1,-1,-1,-1,-1,-1,-1,301,794,-1,-1,-1,-1,526,-1,-1,523,719,9,444,283,-1,-1,-1,-1,-1,529,464,-1,-1,-1,-1,292,-1,-1,-1,-1,-1,-1,461,-1,-1,0,-1,-1,-1,651,-1,-1,-1,-1,-1,-1,-1,228,-1,-1,-1,-1,-1,-1,885,-1,-1,933,-1],[-1,-1,224,649,-1,968,-1,-1,-1,-1,196,-1,-1,-1,-1,-1,-1,495,-1,-1,-1,-1,-1,925,-1,-1,-1,-1,-1,-1,-1,-1,-1,75,-1,-1,-1,-1,-1,-1,223,-1,-1,-1,-1,-1,-1,859,-1,352,-1,377,-1,-1,-1,-1,-1,-1,457,-1,-1,-1,-1,255,-1,-1,200,-1,-1,-1,-1,-1,-1,791,-1,-1,-1,0,-1,229,-1,-1,-1,-1,-1,953,-1,-1,-1,-1,-1,-1,-1,179,536,-1,-1,-1,-1,270],[-1,-1,-1,250,-1,-1,-1,-1,-1,-1,-1,903,162,-1,-1,-1,-1,-1,-1,394,-1,190,-1,204,-1,754,-1,-1,747,-1,-1,739,484,-1,-1,-1,408,960,236,-1,-1,-1,-1,-1,-1,-1,-1,-1,-1,-1,-1,-1,-1,361,-1,-1,-1,-1,-1,-1,-1,-1,-1,166,-1,24,-1,884,76,-1,176,-1,-1,504,-1,-1,-1,-1,0,858,669,-1,-1,-1,-1,-1,380,-1,972,-1,-1,-1,-1,-1,-1,-1,-1,-1,-1,60],[-1,-1,748,-1,10,-1,565,-1,-1,-1,-1,594,-1,-1,-1,-1,-1,-1,447,-1,-1,-1,-1,486,-1,-1,-1,-1,-1,-1,-1,-1,-1,-1,-1,-1,-1,-1,-1,-1,438,-1,-1,-1,-1,-1,-1,-1,-1,697,418,-1,-1,-1,-1,-1,-1,-1,-1,-1,-1,-1,714,-1,-1,-1,-1,38,860,-1,-1,-1,-1,-1,334,-1,-1,229,858,0,-1,267,-1,-1,271,922,178,-1,-1,-1,656,-1,-1,-1,-1,-1,-1,-1,-1,-1],[-1,-1,-1,-1,752,-1,-1,-1,574,434,-1,-1,-1,-1,-1,-1,-1,-1,-1,-1,-1,-1,-1,-1,-1,-1,880,-1,-1,-1,-1,-1,659,-1,-1,-1,132,-1,-1,-1,-1,-1,-1,-1,-1,-1,-1,-1,-1,168,678,-1,-1,-1,-1,-1,-1,-1,-1,-1,862,-1,-1,-1,640,-1,-1,-1,869,498,-1,-1,-1,-1,-1,-1,651,-1,669,-1,0,-1,-1,-1,632,-1,113,-1,-1,-1,-1,-1,-1,-1,-1,-1,-1,-1,420,-1],[316,-1,362,-1,954,7,-1,414,-1,331,300,-1,378,-1,-1,-1,-1,-1,-1,-1,652,446,-1,-1,-1,37,-1,-1,-1,-1,-1,553,-1,-1,-1,-1,-1,436,581,-1,-1,663,-1,-1,-1,441,-1,-1,-1,-1,655,-1,-1,127,-1,-1,-1,816,-1,-1,990,-1,-1,-1,856,-1,-1,-1,727,-1,47,-1,-1,695,-1,-1,-1,-1,-1,267,-1,0,493,-1,-1,583,-1,-1,-1,227,609,-1,-1,-1,-1,785,-1,-1,-1,-1],[-1,-1,890,-1,-1,-1,-1,861,-1,-1,-1,249,-1,-1,-1,-1,428,-1,-1,-1,471,482,-1,-1,-1,-1,-1,-1,-1,-1,-1,-1,-1,-1,-1,-1,-1,-1,-1,-1,-1,-1,-1,-1,-1,-1,-1,-1,-1,-1,-1,-1,-1,-1,-1,672,-1,-1,-1,-1,-1,-1,-1,-1,-1,-1,-1,-1,-1,-1,-1,-1,-1,-1,-1,-1,-1,-1,-1,-1,-1,493,0,-1,-1,-1,897,-1,-1,-1,-1,-1,621,-1,-1,-1,-1,-1,-1,216],[-1,-1,-1,61,-1,-1,-1,-1,-1,-1,-1,-1,-1,-1,-1,-1,247,-1,18,-1,-1,-1,-1,-1,-1,45,844,-1,753,703,-1,-1,-1,-1,335,-1,-1,-1,-1,-1,-1,-1,505,-1,-1,-1,-1,-1,-1,-1,350,-1,-1,-1,-1,-1,774,-1,-1,-1,-1,-1,445,-1,-1,-1,-1,-1,-1,-1,871,387,579,-1,-1,121,-1,-1,-1,-1,-1,-1,-1,0,-1,430,-1,-1,-1,-1,-1,-1,-1,-1,-1,-1,-1,-1,-1,150],[401,-1,-1,-1,324,-1,-1,-1,-1,-1,-1,-1,-1,-1,-1,-1,-1,-1,-1,848,-1,-1,-1,232,480,-1,-1,-1,-1,-1,-1,-1,-1,-1,-1,-1,115,-1,465,-1,-1,-1,-1,-1,88,-1,-1,-1,756,-1,-1,886,-1,-1,59,-1,-1,772,-1,-1,-1,425,-1,-1,-1,-1,792,-1,-1,-1,-1,-1,-1,-1,-1,-1,-1,-1,-1,271,632,-1,-1,-1,0,-1,-1,-1,723,-1,-1,-1,159,-1,-1,-1,-1,-1,435,605],[733,-1,-1,-1,908,-1,-1,-1,-1,-1,448,949,-1,921,3,-1,-1,403,707,-1,-1,-1,-1,706,857,-1,-1,-1,-1,295,-1,-1,-1,-1,-1,-1,-1,-1,-1,767,-1,155,-1,-1,-1,839,-1,-1,-1,-1,-1,-1,-1,101,973,-1,-1,-1,-1,-1,-1,138,305,-1,-1,-1,-1,-1,775,-1,-1,-1,235,-1,-1,383,-1,953,-1,922,-1,583,-1,430,-1,0,-1,68,-1,-1,-1,-1,-1,-1,626,-1,148,-1,98,-1],[-1,-1,-1,-1,-1,-1,740,-1,720,-1,-1,-1,-1,-1,-1,-1,612,-1,-1,-1,-1,-1,500,-1,-1,-1,-1,-1,-1,-1,-1,-1,-1,-1,-1,-1,-1,-1,-1,-1,-1,-1,-1,-1,-1,-1,-1,835,-1,-1,-1,254,654,-1,-1,-1,-1,108,-1,481,-1,-1,-1,-1,-1,-1,-1,643,-1,-1,-1,-1,-1,-1,-1,-1,-1,-1,380,178,113,-1,897,-1,-1,-1,0,793,-1,-1,-1,-1,-1,-1,-1,-1,-1,-1,729,-1],[-1,-1,-1,-1,-1,-1,-1,-1,599,-1,-1,556,-1,-1,-1,325,-1,-1,-1,-1,-1,182,-1,-1,-1,-1,424,-1,-1,197,-1,-1,-1,-1,-1,-1,-1,-1,-1,-1,-1,-1,-1,-1,-1,-1,-1,-1,-1,-1,-1,109,-1,-1,874,-1,-1,189,-1,660,-1,-1,-1,-1,-1,-1,-1,-1,-1,358,-1,-1,-1,932,-1,771,-1,-1,-1,-1,-1,-1,-1,-1,-1,68,793,0,-1,-1,-1,-1,-1,294,-1,-1,-1,-1,-1,-1],[-1,-1,-1,-1,-1,145,-1,-1,-1,-1,-1,893,-1,-1,-1,-1,-1,-1,-1,-1,570,-1,-1,-1,-1,-1,-1,-1,-1,603,-1,-1,-1,-1,-1,32,-1,-1,476,-1,-1,-1,-1,-1,-1,827,-1,-1,-1,-1,784,-1,-1,-1,-1,-1,796,-1,-1,-1,-1,-1,-1,-1,-1,-1,-1,-1,-1,412,-1,-1,293,82,69,-1,228,-1,972,-1,-1,-1,-1,-1,723,-1,-1,-1,0,-1,-1,-1,-1,306,-1,-1,-1,-1,-1,36],[-1,-1,-1,-1,-1,-1,-1,347,-1,-1,-1,135,-1,-1,-1,22,-1,780,-1,-1,-1,-1,-1,-1,-1,-1,-1,-1,-1,-1,-1,-1,-1,-1,-1,-1,-1,-1,-1,-1,-1,-1,373,-1,-1,-1,-1,128,-1,-1,-1,-1,-1,-1,-1,-1,-1,912,-1,-1,-1,-1,-1,206,-1,602,-1,-1,-1,-1,-1,-1,-1,260,136,-1,-1,-1,-1,-1,-1,227,-1,-1,-1,-1,-1,-1,-1,0,-1,-1,-1,91,-1,-1,988,-1,-1,-1],[-1,-1,-1,-1,-1,-1,-1,240,-1,-1,-1,-1,-1,-1,103,-1,-1,-1,-1,-1,-1,-1,303,376,-1,-1,-1,341,-1,-1,-1,53,-1,-1,-1,-1,-1,-1,535,-1,-1,629,-1,-1,588,-1,-1,-1,653,-1,-1,-1,345,422,-1,-1,-1,-1,-1,-1,-1,-1,-1,-1,-1,67,-1,-1,-1,875,-1,-1,-1,788,-1,982,-1,-1,-1,656,-1,609,-1,-1,-1,-1,-1,-1,-1,-1,0,-1,-1,184,-1,-1,-1,935,-1,-1],[964,-1,-1,-1,-1,-1,14,-1,916,201,-1,-1,-1,-1,-1,-1,-1,-1,-1,-1,-1,-1,-1,-1,744,810,-1,-1,-1,-1,-1,-1,-1,-1,-1,332,-1,-1,-1,887,-1,-1,-1,-1,-1,-1,-1,-1,-1,-1,-1,-1,251,-1,-1,-1,-1,-1,-1,-1,-1,-1,-1,-1,-1,-1,-1,-1,234,624,-1,-1,-1,-1,-1,-1,-1,-1,-1,-1,-1,-1,-1,-1,-1,-1,-1,-1,-1,-1,-1,0,768,-1,-1,-1,-1,802,276,534],[-1,-1,-1,13,-1,-1,253,-1,-1,-1,547,708,-1,-1,693,-1,-1,298,-1,-1,-1,-1,329,764,-1,-1,983,-1,-1,-1,-1,-1,-1,-1,-1,-1,-1,384,308,485,208,-1,-1,-1,-1,-1,-1,-1,-1,-1,-1,-1,-1,957,-1,81,-1,-1,592,-1,-1,676,-1,-1,104,-1,-1,431,-1,-1,-1,-1,-1,-1,-1,-1,-1,-1,-1,-1,-1,-1,621,-1,159,-1,-1,-1,-1,-1,-1,768,0,-1,-1,-1,-1,-1,-1,-1],[339,-1,-1,625,-1,-1,149,-1,-1,-1,-1,-1,217,248,-1,-1,-1,-1,-1,-1,873,-1,-1,-1,-1,-1,-1,-1,-1,-1,-1,164,-1,698,-1,343,-1,-1,-1,-1,-1,344,-1,213,-1,-1,-1,-1,-1,883,-1,327,561,-1,-1,-1,274,-1,-1,597,-1,811,-1,-1,575,-1,-1,-1,-1,-1,-1,-1,-1,980,-1,-1,-1,179,-1,-1,-1,-1,-1,-1,-1,-1,-1,294,306,91,184,-1,-1,0,-1,19,-1,-1,-1,-1],[-1,-1,-1,-1,-1,-1,-1,-1,-1,-1,-1,199,-1,-1,439,-1,-1,-1,-1,-1,-1,-1,315,78,-1,721,-1,-1,-1,-1,-1,522,745,-1,92,-1,-1,116,-1,-1,-1,-1,-1,-1,-1,-1,353,-1,-1,-1,-1,-1,-1,-1,-1,986,-1,-1,-1,-1,-1,-1,-1,139,878,-1,-1,-1,-1,-1,789,-1,-1,760,385,-1,-1,536,-1,-1,-1,-1,-1,-1,-1,626,-1,-1,-1,-1,-1,-1,-1,-1,0,-1,-1,-1,169,-1],[-1,-1,-1,-1,-1,-1,-1,310,-1,825,-1,-1,-1,-1,-1,-1,-1,-1,-1,-1,-1,843,-1,-1,-1,-1,-1,-1,-1,-1,-1,-1,-1,-1,507,-1,209,-1,-1,-1,-1,-1,119,5,-1,-1,-1,-1,-1,923,-1,-1,-1,-1,-1,-1,124,-1,-1,-1,-1,-1,-1,-1,815,-1,-1,-1,-1,395,-1,717,-1,-1,-1,-1,885,-1,-1,-1,-1,785,-1,-1,-1,-1,-1,-1,-1,-1,-1,-1,-1,19,-1,0,-1,-1,-1,776],[-1,-1,-1,917,33,-1,-1,-1,-1,690,-1,797,-1,-1,683,-1,-1,-1,-1,-1,-1,-1,-1,-1,-1,-1,-1,-1,-1,-1,-1,-1,-1,440,-1,-1,-1,-1,-1,-1,702,-1,-1,-1,-1,-1,-1,-1,366,-1,-1,836,-1,-1,-1,-1,-1,-1,-1,-1,613,847,-1,-1,-1,423,-1,-1,-1,-1,-1,-1,-1,-1,-1,-1,-1,-1,-1,-1,-1,-1,-1,-1,-1,148,-1,-1,-1,988,-1,-1,-1,-1,-1,-1,0,-1,939,-1],[-1,-1,-1,-1,902,-1,-1,-1,-1,-1,-1,-1,-1,-1,-1,-1,-1,617,-1,-1,-1,-1,-1,-1,-1,-1,-1,-1,-1,-1,-1,-1,-1,-1,-1,-1,398,-1,-1,-1,-1,-1,-1,-1,-1,-1,-1,-1,530,-1,-1,-1,-1,58,-1,-1,-1,-1,-1,-1,509,153,-1,79,549,-1,432,777,-1,-1,-1,243,456,477,342,-1,-1,-1,-1,-1,-1,-1,-1,-1,-1,-1,-1,-1,-1,-1,935,802,-1,-1,-1,-1,-1,0,-1,-1],[-1,-1,-1,-1,-1,-1,-1,-1,-1,-1,-1,-1,-1,-1,-1,-1,-1,-1,-1,-1,-1,-1,-1,-1,-1,978,-1,-1,-1,-1,-1,-1,-1,-1,-1,-1,-1,-1,-1,-1,-1,-1,-1,-1,-1,783,-1,-1,-1,-1,-1,-1,-1,-1,-1,-1,-1,-1,-1,-1,-1,-1,-1,-1,-1,-1,560,-1,585,966,-1,-1,-1,-1,-1,671,933,-1,-1,-1,420,-1,-1,-1,435,98,729,-1,-1,-1,-1,276,-1,-1,169,-1,939,-1,0,272],[-1,65,-1,187,-1,-1,40,20,-1,-1,-1,-1,-1,-1,-1,-1,-1,-1,-1,-1,-1,-1,-1,-1,453,-1,832,-1,43,-1,-1,-1,-1,-1,-1,-1,180,-1,-1,-1,-1,-1,-1,-1,-1,-1,-1,929,-1,-1,544,386,-1,-1,-1,-1,-1,-1,657,-1,-1,-1,-1,-1,-1,-1,-1,-1,-1,-1,-1,-1,-1,-1,-1,961,-1,270,60,-1,-1,-1,216,150,605,-1,-1,-1,36,-1,-1,534,-1,-1,-1,776,-1,-1,272,0]]},{"NodeCount":100,"EdgeCount":1980,"Graph":[[0,-1,-1,-1,-1,-1,-1,-1,-1,1258,-1,-1,-1,-1,-1,1869,-1,1966,-1,-1,872,-1,-1,1730,-1,234,1815,1589,-1,-1,-1,542,-1,-1,1586,1530,-1,569,-1,-1,-1,-1,-1,856,1215,-1,884,-1,-1,267,40,-1,-1,212,-1,-1,-1,-1,-1,644,1003,1975,-1,275,480,680,-1,-1,77,1168,-1,1901,-1,-1,481,-1,693,420,-1,1128,1022,-1,1179,-1,-1,-1,893,1781,1105,-1,-1,1877,-1,1806,154,327,-1,-1,1333,1418],[-1,0,-1,-1,616,1644,-1,-1,1582,1958,43,-1,-1,-1,1935,-1,1828,1317,526,1341,-1,-1,-1,-1,-1,-1,144,1794,1227,-1,-1,-1,-1,-1,-1,-1,326,-1,-1,1095,-1,-1,29,-1,-1,223,-1,1039,-1,-1,627,-1,386,-1,-1,-1,-1,-1,-1,-1,1474,1849,122,-1,1509,-1,-1,290,1643,-1,-1,-1,-1,-1,-1,1094,-1,-1,-1,-1,1093,-1,878,1001,-1,1236,133,-1,-1,464,-1,1186,791,-1,-1,711,939,-1,-1,-1],[-1,-1,0,-1,-1,-1,1756,-1,-1,-1,-1,-1,135,1673,-1,-1,984,668,-1,-1,325,1387,1180,-1,1579,-1,-1,281,-1,-1,-1,-1,-1,1954,362,-1,-1,-1,794,987,1280,-1,1393,540,-1,163,1137,-1,875,-1,-1,-1,-1,1594,-1,-1,795,1386,-1,-1,-1,-1,-1,-1,-1,-1,-1,-1,-1,-1,-1,-1,1290,140,-1,-1,-1,316,-1,1769,-1,507,-1,-1,336,-1,-1,-1,1151,-1,553,-1,-1,1696,746,-1,-1,545,1911,-1],[-1,-1,-1,0,-1,-1,788,-1,-1,-1,-1,-1,-1,-1,-1,-1,1552,-1,937,-1,-1,-1,-1,-1,418,-1,-1,-1,-1,28,1443,1661,-1,-1,-1,1207,-1,-1,61,-1,-1,1246,-1,-1,-1,1209,735,-1,390,-1,-1,845,-1,-1,-1,-1,-1,1898,1469,-1,1224,-1,1640,392,-1,-1,1350,-1,1490,502,-1,-1,790,1502,1677,-1,-1,1037,-1,-1,-1,-1,1156,-1,1681,158,308,1516,1965,974,1656,-1,-1,-1,-1,-1,1762,-1,-1,-1],[-1,616,-1,-1,0,-1,1164,1667,-1,-1,-1,-1,-1,720,1929,1771,-1,-1,226,195,-1,-1,674,-1,-1,629,-1,-1,-1,1784,1404,-1,-1,172,1323,-1,-1,793,-1,-1,-1,-1,-1,-1,928,-1,-1,1203,722,-1,1169,-1,-1,-1,897,879,-1,1153,-1,869,-1,-1,-1,1124,-1,-1,-1,1870,-1,671,-1,1313,-1,-1,1038,224,-1,-1,940,-1,-1,-1,-1,176,493,-1,-1,-1,1034,139,-1,-1,102,-1,-1,1519,-1,999,1932,1239],[-1,1644,-1,-1,-1,0,1682,-1,-1,1248,-1,891,-1,-1,-1,-1,1421,164,-1,-1,-1,421,558,-1,161,-1,-1,-1,-1,-1,-1,-1,551,407,547,-1,-1,-1,-1,1466,832,-1,-1,-1,1187,1255,1752,-1,196,-1,-1,848,-1,-1,-1,-1,-1,184,1903,1735,-1,1512,566,453,-1,809,1150,1955,351,1649,-1,901,1358,-1,-1,-1,-1,1961,1233,-1,747,-1,930,-1,1741,909,-1,1904,-1,5,-1,1402,360,-1,-1,-1,-1,435,1079,-1],[-1,-1,1756,788,1164,1682,0,819,1597,-1,-1,-1,-1,1789,-1,-1,1008,-1,-1,-1,217,-1,-1,761,-1,-1,-1,-1,-1,-1,-1,1899,1376,-1,-1,-1,-1,-1,-1,-1,651,-1,-1,-1,-1,-1,-1,1767,918,1372,-1,1591,-1,-1,-1,-1,-1,-1,1054,1538,960,466,-1,1557,1713,-1,-1,-1,442,-1,-1,-1,-1,1339,1316,-1,-1,1580,-1,-1,-1,-1,49,-1,-1,-1,970,1948,1610,-1,-1,1121,-1,-1,-1,994,-1,1171,-1,-1],[-1,-1,-1,-1,1667,-1,819,0,68,-1,1928,888,-1,-1,1409,772,1423,-1,642,70,1388,-1,1803,-1,655,-1,12,-1,-1,-1,1199,1221,-1,1353,-1,-1,-1,-1,-1,-1,1603,276,-1,-1,-1,477,347,1117,-1,1577,1773,695,1800,-1,355,-1,-1,-1,-1,1679,-1,-1,-1,452,-1,-1,-1,-1,-1,338,-1,-1,-1,-1,-1,-1,-1,-1,1118,-1,1276,1517,-1,-1,1019,1365,1024,1972,1272,-1,-1,556,561,-1,20,1131,-1,619,-1,-1],[-1,1582,-1,-1,-1,-1,1597,68,0,949,-1,-1,-1,-1,-1,-1,-1,-1,1719,-1,625,146,-1,-1,-1,342,-1,448,1321,-1,1318,-1,961,-1,-1,1368,-1,-1,665,519,440,-1,-1,416,-1,-1,-1,808,527,-1,1521,-1,156,-1,-1,-1,853,303,-1,159,428,-1,-1,1301,-1,-1,-1,-1,-1,-1,-1,100,670,1343,-1,1476,-1,-1,-1,-1,-1,1259,1160,-1,-1,-1,-1,1494,-1,-1,1152,-1,-1,-1,-1,942,-1,-1,-1,-1],[1258,1958,-1,-1,-1,1248,-1,-1,949,0,-1,1458,-1,167,-1,1802,-1,-1,-1,631,137,783,-1,-1,943,-1,-1,-1,-1,-1,-1,-1,1033,842,-1,1542,1748,-1,-1,-1,964,-1,423,-1,-1,-1,-1,1127,-1,13,1025,-1,-1,-1,1319,-1,1501,1693,427,-1,1854,-1,-1,-1,-1,-1,-1,1647,-1,-1,1041,-1,-1,162,1624,-1,182,-1,803,-1,-1,-1,-1,-1,1433,1883,-1,-1,-1,-1,-1,-1,-1,1799,1471,-1,-1,-1,-1,-1],[-1,43,-1,-1,-1,-1,-1,1928,-1,-1,0,-1,-1,-1,270,-1,192,-1,-1,1157,-1,1792,-1,-1,-1,-1,-1,149,-1,1598,-1,-1,-1,145,64,-1,1632,-1,745,-1,1816,648,-1,1493,-1,634,-1,1630,-1,784,39,1840,18,1244,1464,-1,-1,330,-1,-1,1430,895,-1,-1,-1,-1,636,1014,-1,-1,-1,-1,-1,-1,1524,1633,973,-1,659,-1,-1,1728,1467,-1,-1,387,-1,-1,-1,-1,574,-1,-1,1349,1462,834,-1,692,1895,1213],[-1,-1,-1,-1,-1,891,-1,888,-1,1458,-1,0,-1,25,-1,-1,-1,-1,675,-1,-1,-1,1173,471,-1,-1,-1,1322,-1,922,-1,-1,982,-1,1434,-1,1492,910,-1,-1,-1,-1,-1,-1,429,-1,-1,1411,1201,-1,266,-1,-1,-1,-1,322,-1,-1,60,1006,-1,-1,1923,1805,-1,-1,-1,-1,1934,1510,1920,1841,-1,-1,-1,-1,-1,1013,635,1602,-1,863,-1,-1,482,-1,-1,1801,-1,-1,-1,-1,-1,279,174,787,-1,1385,-1,282],[-1,-1,135,-1,-1,-1,-1,-1,-1,-1,-1,-1,0,950,-1,-1,-1,-1,640,-1,181,-1,-1,-1,1665,-1,-1,-1,-1,-1,1191,302,-1,-1,538,-1,-1,-1,-1,765,-1,-1,1750,-1,487,187,797,-1,-1,1834,-1,506,1875,304,-1,-1,-1,600,1133,652,-1,1228,-1,-1,1666,534,525,-1,-1,422,-1,-1,543,-1,305,-1,-1,592,-1,-1,-1,657,-1,-1,-1,-1,-1,335,-1,1550,1205,-1,868,-1,-1,-1,1694,-1,743,-1],[-1,-1,1673,-1,720,-1,1789,-1,-1,167,-1,25,950,0,1489,-1,-1,-1,-1,-1,-1,1166,-1,-1,1727,1053,1807,596,-1,846,1704,1708,-1,-1,-1,1395,-1,94,-1,-1,-1,1140,-1,1766,1568,-1,-1,-1,565,1123,837,-1,-1,-1,1311,-1,-1,-1,-1,-1,-1,-1,1916,1774,1765,-1,272,324,-1,63,-1,-1,-1,690,-1,-1,-1,820,843,1857,1654,1674,-1,1085,3,1518,-1,-1,334,-1,838,-1,807,142,-1,581,494,697,-1,-1],[-1,1935,-1,-1,1929,-1,-1,1409,-1,-1,270,-1,-1,1489,0,766,-1,-1,1291,-1,-1,-1,-1,685,345,924,-1,1724,532,-1,1626,-1,436,-1,1695,-1,-1,-1,-1,-1,1915,-1,-1,649,1659,-1,1701,-1,83,776,210,1043,1886,-1,-1,-1,-1,1887,-1,-1,-1,-1,1675,186,-1,-1,455,1097,-1,-1,-1,-1,-1,1700,854,504,-1,90,733,67,801,594,583,-1,-1,-1,-1,-1,804,-1,560,-1,253,-1,-1,736,1082,286,1758,-1],[1869,-1,-1,-1,1771,-1,-1,772,-1,1802,-1,-1,-1,-1,766,0,523,-1,-1,-1,-1,-1,894,-1,1960,-1,-1,-1,1776,661,-1,-1,-1,1327,-1,-1,-1,1286,261,1788,-1,-1,1669,-1,1266,1057,-1,-1,-1,-1,881,-1,-1,-1,-1,11,-1,-1,-1,1658,-1,1110,929,170,-1,709,-1,-1,-1,-1,1384,31,101,-1,1275,-1,1126,-1,1754,-1,-1,-1,-1,501,-1,-1,-1,1971,-1,1242,-1,-1,-1,1499,14,-1,-1,-1,1848,-1],[-1,1828,984,1552,-1,1421,1008,1423,-1,-1,192,-1,-1,-1,-1,523,0,1406,293,1229,780,1655,-1,-1,107,1463,885,-1,256,-1,1867,555,-1,200,-1,1080,630,-1,15,-1,503,-1,-1,-1,777,-1,297,-1,126,-1,-1,-1,1426,-1,1145,-1,821,-1,917,-1,373,-1,-1,-1,1680,667,-1,750,663,-1,1047,757,725,-1,1336,-1,-1,-1,-1,1486,1556,-1,-1,-1,-1,1182,-1,-1,-1,1412,-1,252,-1,-1,-1,-1,35,-1,-1,-1],[1966,1317,668,-1,-1,164,-1,-1,-1,-1,-1,-1,-1,-1,-1,-1,1406,0,-1,-1,563,377,-1,-1,-1,-1,1269,-1,-1,-1,-1,-1,-1,1952,1565,-1,-1,-1,-1,-1,1428,-1,-1,-1,-1,216,-1,199,-1,-1,-1,202,-1,-1,-1,1453,578,-1,-1,-1,-1,1086,-1,116,-1,1337,-1,-1,353,-1,935,1790,688,-1,-1,-1,-1,-1,-1,-1,-1,-1,255,1757,614,-1,-1,229,434,-1,1007,-1,-1,-1,-1,-1,-1,1690,-1,-1],[-1,526,-1,937,226,-1,-1,642,1719,-1,-1,675,640,-1,1291,-1,293,-1,0,1334,799,-1,-1,1454,-1,1612,-1,-1,-1,-1,1256,-1,653,858,-1,983,215,-1,1581,-1,-1,-1,-1,-1,-1,1562,-1,-1,-1,-1,1135,74,-1,-1,-1,-1,-1,-1,1856,259,-1,851,-1,-1,-1,-1,-1,-1,-1,-1,490,-1,-1,296,-1,-1,1414,-1,363,-1,-1,1607,-1,-1,824,-1,131,-1,410,-1,826,-1,160,-1,-1,850,230,972,-1,-1],[-1,1341,-1,-1,195,-1,-1,70,-1,631,1157,-1,-1,-1,-1,-1,1229,-1,1334,0,-1,-1,-1,1950,-1,836,1398,-1,1838,-1,1941,1348,150,1232,723,-1,-1,389,1578,-1,21,749,-1,-1,-1,-1,292,-1,-1,-1,-1,1112,-1,-1,299,764,-1,-1,1629,-1,-1,-1,-1,995,-1,-1,-1,-1,1219,-1,-1,1261,-1,-1,394,1167,-1,-1,1836,52,-1,1363,1588,-1,-1,1456,-1,-1,-1,1600,4,811,242,-1,-1,-1,-1,-1,-1,-1],[872,-1,325,-1,-1,-1,217,1388,625,137,-1,-1,181,-1,-1,-1,780,563,799,-1,0,1303,1878,-1,-1,1686,1733,-1,185,-1,-1,-1,1211,-1,-1,-1,132,589,-1,-1,1622,-1,-1,-1,151,-1,-1,-1,-1,-1,-1,1432,645,238,-1,1979,1292,-1,-1,-1,-1,-1,-1,-1,-1,99,-1,-1,-1,-1,-1,-1,1930,1944,-1,-1,1566,-1,-1,1831,-1,-1,-1,1908,71,-1,-1,1859,1847,882,-1,708,-1,-1,-1,-1,-1,-1,936,1446],[-1,-1,1387,-1,-1,421,-1,-1,146,783,1792,-1,-1,1166,-1,-1,1655,377,-1,-1,1303,0,698,1787,123,-1,-1,1061,-1,-1,-1,-1,-1,-1,518,-1,-1,-1,-1,-1,-1,1251,352,-1,1026,-1,628,1871,1076,-1,740,-1,1279,1092,115,-1,-1,-1,141,-1,-1,-1,-1,-1,235,1119,118,1480,-1,-1,-1,-1,-1,193,-1,-1,632,-1,-1,-1,-1,-1,96,-1,467,-1,-1,1394,-1,-1,683,1563,-1,-1,1574,1963,169,222,-1,-1],[-1,-1,1180,-1,674,558,-1,1803,-1,-1,-1,1173,-1,-1,-1,894,-1,-1,-1,-1,1878,698,0,1240,1217,-1,-1,-1,557,-1,-1,-1,1650,1338,-1,1553,-1,-1,513,1639,-1,-1,1208,-1,-1,-1,-1,1967,205,-1,-1,-1,1020,-1,-1,-1,1