[{"NodeCount":90,"EdgeCount":801,"Graph":[[0,-1,-1,-1,-1,-1,-1,-1,-1,-1,-1,-1,-1,237,115,-1,-1,-1,122,-1,-1,-1,-1,-1,-1,-1,-1,-1,618,279,-1,-1,-1,425,-1,-1,-1,-1,-1,-1,-1,-1,-1,-1,-1,-1,-1,-1,325,-1,-1,-1,-1,-1,299,-1,490,-1,-1,-1,-1,-1,-1,406,-1,-1,-1,-1,-1,-1,-1,-1,-1,-1,704,-1,-1,-1,257,-1,-1,-1,427,-1,-1,-1,-1,-1,-1,-1],[-1,0,-1,-1,-1,-1,418,-1,-1,-1,-1,673,119,259,-1,-1,-1,-1,-1,-1,-1,254,-1,778,-1,733,-1,-1,-1,-1,-1,-1,-1,-1,-1,-1,669,-1,-1,647,800,445,-1,-1,-1,519,762,-1,-1,-1,465,-1,-1,-1,372,-1,532,-1,-1,-1,-1,-1,-1,-1,-1,-1,-1,-1,-1,16,-1,-1,-1,-1,-1,-1,-1,-1,-1,-1,-1,-1,-1,-1,-1,-1,-1,-1,-1,507],[-1,-1,0,-1,-1,-1,-1,-1,104,601,-1,-1,-1,-1,-1,457,739,-1,-1,-1,-1,-1,-1,-1,-1,626,-1,-1,-1,-1,-1,-1,-1,-1,-1,-1,593,559,-1,-1,-1,-1,-1,-1,-1,-1,-1,-1,436,-1,-1,-1,707,251,202,-1,-1,-1,-1,263,-1,-1,558,-1,-1,-1,-1,479,-1,-1,725,663,-1,-1,-1,178,-1,-1,-1,-1,-1,642,-1,-1,255,-1,-1,-1,-1,-1],[-1,-1,-1,0,-1,-1,-1,-1,-1,-1,-1,-1,-1,489,-1,-1,-1,-1,-1,-1,-1,-1,60,-1,-1,-1,-1,-1,745,399,403,-1,-1,-1,-1,-1,57,-1,-1,-1,-1,-1,-1,-1,-1,-1,-1,-1,-1,-1,-1,-1,-1,-1,-1,501,453,-1,-1,-1,625,-1,-1,-1,-1,-1,-1,-1,-1,-1,171,366,-1,-1,623,-1,-1,-1,-1,-1,-1,-1,-1,-1,-1,-1,-1,760,-1,-1],[-1,-1,-1,-1,0,-1,-1,-1,-1,-1,-1,-1,-1,-1,617,-1,-1,-1,-1,7,-1,734,-1,-1,-1,-1,-1,-1,-1,290,-1,221,245,-1,-1,-1,111,-1,616,-1,-1,567,-1,-1,-1,-1,-1,-1,-1,502,-1,-1,-1,761,-1,-1,-1,-1,-1,-1,350,361,-1,-1,-1,-1,-1,-1,-1,352,-1,-1,-1,-1,144,-1,-1,-1,-1,-1,-1,-1,-1,458,-1,-1,-1,-1,-1,788],[-1,-1,-1,-1,-1,0,-1,-1,-1,-1,-1,-1,-1,355,-1,678,-1,-1,-1,-1,-1,-1,-1,485,-1,-1,-1,-1,-1,-1,-1,-1,-1,-1,-1,738,-1,-1,134,-1,-1,-1,-1,-1,-1,500,-1,-1,-1,-1,-1,-1,-1,-1,53,-1,627,-1,-1,-1,-1,-1,46,-1,-1,-1,-1,-1,-1,-1,-1,-1,-1,624,-1,-1,-1,-1,-1,-1,504,-1,-1,543,217,-1,-1,-1,-1,166],[-1,418,-1,-1,-1,-1,0,-1,-1,-1,-1,-1,-1,-1,-1,-1,-1,-1,-1,-1,408,-1,-1,359,614,140,-1,-1,-1,-1,740,-1,-1,441,-1,-1,-1,-1,-1,286,-1,-1,531,-1,-1,387,-1,610,-1,518,-1,-1,-1,-1,-1,-1,-1,-1,-1,-1,-1,-1,-1,-1,-1,-1,373,-1,-1,-1,-1,-1,-1,555,-1,-1,-1,118,-1,-1,-1,-1,-1,-1,-1,-1,-1,-1,-1,472],[-1,-1,-1,-1,-1,-1,-1,0,-1,-1,493,-1,-1,-1,-1,-1,-1,-1,769,-1,-1,-1,-1,-1,-1,32,-1,-1,-1,-1,-1,-1,-1,-1,-1,-1,538,-1,-1,-1,439,-1,-1,-1,33,262,-1,-1,143,-1,-1,-1,-1,-1,-1,-1,-1,-1,-1,229,168,415,-1,-1,-1,-1,-1,-1,-1,-1,-1,260,-1,116,-1,-1,-1,-1,-1,-1,-1,-1,-1,-1,-1,-1,-1,-1,56,-1],[-1,-1,104,-1,-1,-1,-1,-1,0,-1,-1,-1,371,-1,574,43,-1,-1,-1,216,-1,-1,-1,766,348,-1,-1,549,-1,-1,219,-1,-1,-1,-1,-1,-1,-1,-1,-1,-1,-1,-1,-1,-1,-1,344,-1,-1,-1,-1,-1,-1,767,-1,-1,152,-1,-1,-1,-1,-1,365,-1,-1,-1,-1,-1,-1,-1,680,471,-1,565,-1,520,-1,-1,-1,26,-1,-1,-1,-1,-1,-1,-1,-1,-1,353],[-1,-1,601,-1,-1,-1,-1,-1,-1,0,-1,-1,280,-1,-1,-1,-1,-1,-1,-1,-1,691,-1,-1,-1,-1,-1,339,175,-1,-1,-1,-1,-1,-1,188,548,-1,-1,682,-1,-1,289,-1,-1,-1,-1,-1,-1,-1,-1,-1,709,-1,-1,-1,-1,576,-1,392,-1,-1,-1,-1,-1,102,-1,-1,-1,383,430,-1,-1,-1,268,-1,227,-1,757,-1,-1,-1,-1,736,-1,-1,-1,6,-1,-1],[-1,-1,-1,-1,-1,-1,-1,493,-1,-1,0,72,-1,-1,-1,-1,-1,-1,-1,524,-1,-1,10,-1,-1,68,9,-1,-1,-1,-1,-1,-1,-1,-1,-1,-1,-1,-1,-1,76,450,-1,-1,-1,-1,-1,551,-1,-1,-1,-1,253,-1,30,-1,-1,557,-1,-1,-1,93,-1,-1,-1,-1,-1,-1,-1,-1,-1,-1,-1,-1,-1,-1,-1,-1,-1,62,-1,389,-1,754,-1,-1,-1,542,-1,-1],[-1,673,-1,-1,-1,-1,-1,-1,-1,-1,72,0,-1,-1,-1,-1,582,-1,-1,-1,-1,173,-1,-1,-1,-1,-1,423,509,95,-1,-1,-1,-1,-1,-1,-1,-1,-1,172,-1,-1,628,-1,-1,-1,-1,154,-1,106,-1,-1,-1,-1,-1,-1,-1,-1,-1,-1,-1,-1,-1,475,477,774,-1,-1,-1,607,726,-1,-1,-1,-1,-1,-1,-1,-1,-1,-1,784,-1,468,-1,-1,503,-1,-1,-1],[-1,119,-1,-1,-1,-1,-1,-1,371,280,-1,-1,0,-1,-1,374,-1,-1,298,395,-1,-1,-1,312,-1,324,-1,-1,-1,-1,-1,-1,316,-1,-1,-1,563,-1,700,517,-1,-1,-1,-1,-1,-1,-1,-1,-1,631,-1,-1,-1,718,-1,-1,-1,-1,495,-1,-1,-1,-1,-1,-1,-1,-1,-1,-1,-1,-1,-1,-1,281,-1,-1,482,-1,-1,-1,338,-1,-1,-1,-1,-1,-1,-1,-1,-1],[237,259,-1,489,-1,355,-1,-1,-1,-1,-1,-1,-1,0,401,367,-1,-1,715,685,470,-1,-1,-1,-1,66,-1,-1,-1,310,-1,-1,-1,-1,-1,508,-1,-1,-1,-1,428,-1,-1,-1,575,-1,-1,-1,-1,-1,-1,-1,-1,-1,-1,91,47,-1,-1,-1,-1,-1,780,-1,-1,-1,-1,-1,-1,-1,-1,-1,-1,-1,-1,-1,320,112,452,-1,238,-1,-1,-1,-1,-1,-1,-1,-1,-1],[115,-1,-1,-1,617,-1,-1,-1,574,-1,-1,-1,-1,401,0,-1,-1,-1,749,-1,-1,-1,-1,-1,-1,-1,209,-1,86,-1,-1,714,622,-1,711,-1,-1,-1,-1,-1,-1,-1,-1,-1,-1,459,-1,-1,-1,44,514,-1,-1,-1,-1,-1,-1,-1,675,-1,-1,-1,-1,-1,750,-1,-1,759,-1,124,-1,-1,-1,-1,451,-1,-1,-1,496,-1,-1,-1,-1,-1,-1,-1,-1,-1,-1,-1],[-1,-1,457,-1,-1,678,-1,-1,43,-1,-1,-1,374,367,-1,0,-1,351,83,-1,-1,-1,-1,64,-1,376,-1,296,-1,125,-1,-1,73,-1,-1,1,-1,-1,-1,319,-1,-1,-1,491,-1,-1,-1,-1,-1,-1,486,-1,-1,-1,-1,-1,-1,-1,688,-1,-1,-1,-1,-1,-1,-1,-1,-1,-1,-1,-1,390,-1,-1,-1,-1,-1,785,-1,-1,674,791,-1,-1,-1,-1,-1,-1,-1,-1],[-1,-1,739,-1,-1,-1,-1,-1,-1,-1,-1,582,-1,-1,-1,-1,0,643,101,-1,-1,-1,-1,-1,-1,-1,-1,-1,96,247,-1,-1,-1,84,-1,114,-1,713,17,-1,197,-1,-1,-1,-1,-1,-1,795,-1,-1,-1,-1,-1,-1,-1,25,218,315,-1,-1,-1,-1,-1,-1,309,-1,-1,-1,-1,-1,-1,-1,-1,-1,-1,-1,-1,-1,-1,442,566,-1,-1,-1,-1,-1,-1,-1,-1,-1],[-1,-1,-1,-1,-1,-1,-1,-1,-1,-1,-1,-1,-1,-1,-1,351,643,0,-1,-1,-1,-1,-1,-1,-1,-1,-1,-1,-1,-1,580,-1,-1,-1,-1,-1,-1,-1,-1,-1,-1,293,-1,429,-1,-1,-1,-1,455,-1,-1,-1,-1,-1,-1,-1,-1,-1,-1,-1,648,129,585,-1,-1,-1,385,-1,-1,208,322,-1,177,737,-1,196,634,-1,-1,-1,277,-1,-1,-1,-1,-1,775,-1,-1,609],[122,-1,-1,-1,-1,-1,-1,769,-1,-1,-1,-1,298,715,749,83,101,-1,0,-1,-1,241,-1,-1,-1,-1,-1,-1,-1,-1,-1,-1,-1,-1,-1,-1,-1,-1,121,-1,-1,-1,-1,-1,-1,-1,-1,63,377,-1,-1,226,-1,-1,-1,-1,-1,-1,-1,721,639,-1,314,544,194,-1,-1,-1,369,-1,-1,-1,-1,-1,-1,133,-1,-1,-1,-1,-1,-1,-1,-1,-1,-1,-1,-1,-1,-1],[-1,-1,-1,-1,7,-1,-1,-1,216,-1,524,-1,395,685,-1,-1,-1,-1,-1,0,-1,-1,200,-1,-1,-1,729,591,-1,-1,-1,-1,-1,87,-1,-1,-1,-1,-1,-1,-1,-1,-1,-1,-1,-1,-1,466,-1,746,570,-1,-1,-1,-1,527,-1,206,462,-1,-1,-1,-1,-1,-1,-1,-1,-1,-1,-1,-1,411,-1,-1,-1,-1,-1,-1,-1,-1,-1,-1,-1,-1,-1,-1,-1,-1,-1,-1],[-1,-1,-1,-1,-1,-1,408,-1,-1,-1,-1,-1,-1,470,-1,-1,-1,-1,-1,-1,0,448,-1,-1,-1,-1,-1,-1,-1,460,-1,-1,-1,525,-1,158,-1,-1,-1,-1,474,380,-1,-1,-1,-1,-1,764,-1,-1,-1,-1,-1,-1,-1,-1,-1,-1,-1,581,-1,-1,-1,-1,410,-1,-1,-1,-1,-1,-1,-1,-1,-1,78,-1,-1,-1,-1,-1,-1,-1,-1,-1,-1,-1,-1,-1,-1,-1],[-1,254,-1,-1,734,-1,-1,-1,-1,691,-1,173,-1,-1,-1,-1,-1,-1,241,-1,448,0,792,-1,432,-1,-1,-1,381,-1,-1,-1,-1,-1,-1,-1,-1,-1,633,-1,-1,-1,-1,-1,-1,-1,264,-1,-1,-1,-1,-1,-1,-1,-1,-1,765,-1,-1,-1,-1,-1,650,-1,-1,-1,-1,621,-1,-1,-1,-1,606,-1,-1,-1,-1,364,-1,-1,-1,-1,506,-1,-1,-1,-1,-1,-1,-1],[-1,-1,-1,60,-1,-1,-1,-1,-1,-1,10,-1,-1,-1,-1,-1,-1,-1,-1,200,-1,792,0,-1,-1,-1,-1,176,-1,-1,199,294,-1,-1,-1,554,541,-1,-1,-1,-1,-1,-1,779,414,-1,-1,179,641,323,-1,-1,776,-1,-1,-1,-1,444,-1,-1,-1,-1,-1,-1,-1,-1,-1,69,-1,-1,-1,473,-1,696,-1,653,-1,-1,-1,-1,-1,-1,-1,-1,-1,-1,8,-1,-1,-1],[-1,778,-1,-1,-1,485,359,-1,766,-1,-1,-1,312,-1,-1,64,-1,-1,-1,-1,-1,-1,-1,0,-1,-1,-1,636,632,-1,-1,-1,-1,230,272,-1,-1,-1,-1,629,-1,-1,-1,-1,-1,3,-1,-1,-1,-1,-1,-1,720,-1,-1,-1,-1,-1,100,370,-1,535,-1,-1,-1,-1,571,569,-1,-1,-1,-1,-1,-1,-1,-1,-1,-1,42,-1,-1,-1,-1,-1,-1,-1,-1,-1,94,-1],[-1,-1,-1,-1,-1,-1,614,-1,348,-1,-1,-1,-1,-1,-1,-1,-1,-1,-1,-1,-1,432,-1,-1,0,-1,-1,-1,-1,-1,-1,-1,-1,-1,-1,-1,-1,-1,-1,-1,-1,74,-1,-1,763,723,-1,742,-1,-1,-1,-1,-1,-1,-1,-1,-1,61,-1,-1,-1,-1,419,-1,-1,-1,-1,-1,-1,-1,-1,-1,246,-1,-1,-1,-1,337,-1,-1,-1,-1,-1,449,-1,-1,287,356,-1,-1],[-1,733,626,-1,-1,-1,140,32,-1,-1,68,-1,324,66,-1,376,-1,-1,-1,-1,-1,-1,-1,-1,-1,0,-1,-1,-1,-1,-1,-1,695,27,-1,-1,-1,-1,-1,-1,-1,-1,-1,-1,657,789,-1,-1,-1,-1,510,-1,-1,-1,-1,-1,165,-1,-1,-1,-1,-1,-1,-1,-1,-1,-1,-1,-1,-1,-1,37,-1,-1,-1,-1,186,743,71,741,-1,-1,-1,-1,149,-1,-1,345,228,-1],[-1,-1,-1,-1,-1,-1,-1,-1,-1,-1,9,-1,-1,-1,209,-1,-1,-1,-1,729,-1,-1,-1,-1,-1,-1,0,-1,-1,341,-1,-1,276,-1,-1,-1,-1,181,-1,-1,-1,-1,-1,-1,-1,-1,162,-1,-1,252,546,-1,-1,-1,-1,-1,-1,-1,-1,-1,-1,-1,-1,-1,-1,-1,-1,19,-1,-1,-1,-1,-1,-1,-1,-1,654,-1,-1,-1,-1,127,-1,-1,717,-1,347,-1,-1,-1],[-1,-1,-1,-1,-1,-1,-1,-1,549,339,-1,423,-1,-1,-1,296,-1,-1,-1,591,-1,-1,176,636,-1,-1,-1,0,516,-1,-1,-1,-1,-1,-1,-1,-1,-1,768,-1,161,-1,-1,-1,683,-1,-1,-1,-1,-1,-1,-1,556,798,-1,-1,587,-1,-1,-1,-1,23,-1,195,-1,-1,-1,-1,346,562,-1,-1,-1,-1,-1,-1,163,-1,-1,-1,-1,-1,-1,-1,-1,-1,-1,-1,-1,-1],[618,-1,-1,745,-1,-1,-1,-1,-1,175,-1,509,-1,-1,86,-1,96,-1,-1,-1,-1,381,-1,632,-1,-1,-1,516,0,-1,-1,-1,-1,-1,-1,-1,-1,-1,182,-1,-1,-1,-1,-1,271,-1,-1,-1,-1,328,604,-1,-1,-1,-1,-1,-1,-1,-1,-1,-1,189,-1,-1,-1,-1,-1,652,-1,-1,269,220,-1,-1,-1,572,362,701,-1,-1,-1,505,515,-1,-1,-1,-1,-1,-1,-1],[279,-1,-1,399,290,-1,-1,-1,-1,-1,-1,95,-1,310,-1,125,247,-1,-1,-1,460,-1,-1,-1,-1,-1,341,-1,-1,0,-1,138,-1,45,-1,-1,-1,-1,417,-1,-1,-1,494,-1,-1,-1,-1,-1,-1,2,-1,-1,11,-1,360,-1,-1,-1,-1,-1,722,-1,-1,-1,-1,-1,-1,-1,-1,-1,-1,-1,-1,747,-1,36,484,-1,-1,-1,659,-1,-1,285,-1,670,-1,-1,-1,-1],[-1,-1,-1,403,-1,-1,740,-1,219,-1,-1,-1,-1,-1,-1,-1,-1,580,-1,-1,-1,-1,199,-1,-1,-1,-1,-1,-1,-1,0,492,-1,-1,-1,-1,-1,-1,-1,-1,748,-1,-1,-1,-1,-1,-1,-1,358,-1,-1,-1,-1,150,-1,568,-1,-1,-1,-1,-1,-1,-1,-1,-1,-1,284,-1,-1,412,-1,136,-1,-1,-1,-1,-1,656,687,-1,-1,712,258,-1,-1,-1,702,92,637,-1],[-1,-1,-1,-1,221,-1,-1,-1,-1,-1,-1,-1,-1,-1,714,-1,-1,-1,-1,-1,-1,-1,294,-1,-1,-1,-1,-1,-1,138,492,0,240,-1,-1,-1,-1,132,-1,117,-1,-1,-1,-1,-1,-1,363,-1,-1,-1,547,-1,-1,51,-1,-1,-1,-1,-1,-1,-1,357,-1,-1,-1,-1,-1,-1,249,-1,-1,-1,-1,97,278,-1,433,-1,681,424,-1,-1,-1,-1,-1,267,-1,-1,-1,-1],[-1,-1,-1,-1,245,-1,-1,-1,-1,-1,-1,-1,316,-1,622,73,-1,-1,-1,-1,-1,-1,-1,-1,-1,695,276,-1,-1,-1,-1,240,0,-1,-1,147,-1,-1,384,651,-1,-1,-1,-1,-1,306,-1,-1,-1,-1,615,-1,-1,-1,-1,-1,-1,329,-1,-1,-1,-1,-1,-1,-1,-1,-1,-1,-1,-1,-1,-1,400,-1,-1,-1,-1,-1,-1,-1,-1,-1,-1,-1,-1,-1,-1,553,-1,679],[425,-1,-1,-1,-1,-1,441,-1,-1,-1,-1,-1,-1,-1,-1,-1,84,-1,-1,87,525,-1,-1,230,-1,27,-1,-1,-1,45,-1,-1,-1,0,-1,-1,-1,-1,-1,-1,-1,-1,-1,-1,-1,664,-1,-1,-1,-1,-1,-1,-1,-1,-1,-1,-1,397,-1,-1,-1,-1,-1,-1,661,-1,-1,-1,-1,-1,-1,-1,-1,-1,-1,203,-1,-1,193,-1,-1,-1,-1,-1,-1,-1,-1,-1,728,-1],[-1,-1,-1,-1,-1,-1,-1,-1,-1,-1,-1,-1,-1,-1,711,-1,-1,-1,-1,-1,-1,-1,-1,272,-1,-1,-1,-1,-1,-1,-1,-1,-1,-1,0,-1,-1,382,-1,-1,-1,-1,-1,-1,-1,-1,-1,-1,-1,137,-1,-1,139,-1,-1,-1,-1,-1,-1,-1,-1,-1,413,-1,-1,-1,-1,31,751,-1,-1,-1,-1,-1,180,-1,-1,-1,-1,-1,-1,-1,-1,-1,438,-1,234,-1,-1,-1],[-1,-1,-1,-1,-1,738,-1,-1,-1,188,-1,-1,-1,508,-1,1,114,-1,-1,-1,158,-1,554,-1,-1,-1,-1,-1,-1,-1,-1,-1,147,-1,-1,0,-1,-1,-1,14,-1,-1,85,333,-1,-1,-1,-1,-1,-1,561,-1,-1,-1,-1,-1,-1,658,-1,-1,-1,-1,-1,-1,-1,-1,302,-1,-1,-1,-1,-1,-1,-1,-1,-1,-1,-1,-1,-1,-1,-1,266,-1,-1,-1,-1,-1,215,-1],[-1,669,593,57,111,-1,-1,538,-1,548,-1,-1,563,-1,-1,-1,-1,-1,-1,-1,-1,-1,541,-1,-1,-1,-1,-1,-1,-1,-1,-1,-1,-1,-1,-1,0,-1,-1,-1,-1,-1,29,-1,-1,-1,-1,-1,-1,-1,305,-1,-1,-1,-1,-1,796,-1,537,-1,-1,-1,58,-1,-1,-1,-1,-1,-1,-1,48,-1,321,686,-1,-1,21,-1,-1,-1,-1,261,-1,-1,-1,-1,-1,-1,-1,-1],[-1,-1,559,-1,-1,-1,-1,-1,-1,-1,-1,-1,-1,-1,-1,-1,713,-1,-1,-1,-1,-1,-1,-1,-1,-1,181,-1,-1,-1,-1,132,-1,-1,382,-1,-1,0,-1,-1,-1,-1,-1,-1,620,-1,243,-1,-1,396,-1,-1,-1,-1,-1,-1,183,-1,-1,-1,-1,145,-1,-1,-1,-1,-1,-1,-1,239,-1,-1,-1,-1,-1,-1,-1,-1,-1,-1,-1,-1,-1,-1,-1,-1,-1,-1,-1,-1],[-1,-1,-1,-1,616,134,-1,-1,-1,-1,-1,-1,700,-1,-1,-1,17,-1,121,-1,-1,633,-1,-1,-1,-1,-1,768,182,417,-1,-1,384,-1,-1,-1,-1,-1,0,-1,-1,710,-1,-1,-1,-1,666,-1,-1,719,-1,-1,-1,-1,-1,-1,-1,533,-1,-1,-1,-1,-1,-1,-1,-1,-1,-1,-1,-1,-1,-1,-1,-1,-1,724,-1,-1,-1,-1,-1,155,128,-1,-1,35,-1,-1,-1,-1],[-1,647,-1,-1,-1,-1,286,-1,-1,682,-1,172,517,-1,-1,319,-1,-1,-1,-1,-1,-1,-1,629,-1,-1,-1,-1,-1,-1,-1,117,651,-1,-1,14,-1,-1,-1,0,-1,-1,-1,79,-1,-1,-1,-1,-1,-1,-1,-1,-1,-1,-1,-1,-1,-1,110,-1,478,77,-1,772,-1,-1,-1,464,-1,602,-1,-1,-1,-1,-1,-1,148,15,-1,584,-1,-1,-1,222,-1,-1,708,-1,-1,-1],[-1,800,-1,-1,-1,-1,-1,439,-1,-1,76,-1,-1,428,-1,-1,197,-1,-1,-1,474,-1,-1,-1,-1,-1,-1,161,-1,-1,748,-1,-1,-1,-1,-1,-1,-1,-1,-1,0,-1,-1,-1,-1,354,-1,-1,-1,-1,-1,-1,-1,-1,-1,-1,671,-1,54,-1,-1,-1,-1,-1,-1,-1,-1,-1,-1,-1,-1,-1,-1,-1,-1,-1,-1,-1,-1,223,70,236,-1,-1,-1,-1,787,-1,-1,-1],[-1,445,-1,-1,567,-1,-1,-1,-1,-1,450,-1,-1,-1,-1,-1,-1,293,-1,-1,380,-1,-1,-1,74,-1,-1,-1,-1,-1,-1,-1,-1,-1,-1,-1,-1,-1,710,-1,-1,0,-1,-1,-1,-1,-1,-1,327,-1,-1,-1,-1,-1,770,330,-1,-1,407,-1,-1,-1,67,-1,-1,-1,-1,-1,-1,-1,-1,-1,-1,-1,-1,334,-1,210,-1,-1,-1,-1,-1,198,-1,-1,-1,-1,-1,-1],[-1,-1,-1,-1,-1,-1,531,-1,-1,289,-1,628,-1,-1,-1,-1,-1,-1,-1,-1,-1,-1,-1,-1,-1,-1,-1,-1,-1,494,-1,-1,-1,-1,-1,85,29,-1,-1,-1,-1,-1,0,-1,-1,-1,-1,693,-1,39,-1,-1,-1,-1,-1,-1,-1,-1,698,649,-1,-1,248,-1,605,-1,706,-1,446,-1,-1,-1,-1,304,-1,783,174,498,-1,-1,-1,-1,-1,-1,-1,-1,225,-1,-1,-1],[-1,-1,-1,-1,-1,-1,-1,-1,-1,-1,-1,-1,-1,-1,-1,491,-1,429,-1,-1,-1,-1,779,-1,-1,-1,-1,-1,-1,-1,-1,-1,-1,-1,-1,333,-1,-1,-1,79,-1,-1,-1,0,391,-1,-1,-1,536,-1,151,-1,-1,-1,-1,40,-1,-1,-1,668,716,-1,-1,-1,-1,-1,-1,-1,-1,-1,-1,-1,655,-1,-1,-1,-1,-1,-1,205,-1,-1,732,-1,55,393,-1,291,113,-1],[-1,-1,-1,-1,-1,-1,-1,33,-1,-1,-1,-1,-1,575,-1,-1,-1,-1,-1,-1,-1,-1,414,-1,763,657,-1,683,271,-1,-1,-1,-1,-1,-1,-1,-1,620,-1,-1,-1,-1,-1,391,0,469,-1,-1,-1,317,49,-1,-1,-1,-1,-1,-1,65,573,-1,-1,-1,-1,-1,-1,-1,-1,-1,487,-1,-1,-1,-1,-1,-1,-1,-1,-1,-1,552,-1,-1,-1,-1,-1,-1,-1,-1,-1,-1],[-1,519,-1,-1,-1,500,387,262,-1,-1,-1,-1,-1,-1,459,-1,-1,-1,-1,-1,-1,-1,-1,3,723,789,-1,-1,-1,-1,-1,-1,306,664,-1,-1,-1,-1,-1,-1,354,-1,-1,-1,469,0,75,-1,703,-1,-1,-1,-1,-1,-1,-1,-1,343,-1,-1,-1,-1,-1,613,109,-1,-1,-1,-1,-1,-1,-1,-1,799,-1,-1,-1,-1,-1,-1,-1,-1,-1,160,-1,212,-1,488,135,201],[-1,762,-1,-1,-1,-1,-1,-1,344,-1,-1,-1,-1,-1,-1,-1,-1,-1,-1,-1,-1,264,-1,-1,-1,-1,162,-1,-1,-1,-1,363,-1,-1,-1,-1,-1,243,666,-1,-1,-1,-1,-1,-1,75,0,-1,-1,-1,-1,526,-1,-1,-1,-1,-1,375,-1,187,-1,-1,-1,-1,-1,270,-1,159,-1,-1,-1,-1,-1,-1,-1,-1,-1,-1,-1,336,-1,-1,-1,-1,752,730,-1,297,-1,-1],[-1,-1,-1,-1,-1,-1,610,-1,-1,-1,551,154,-1,-1,-1,-1,795,-1,63,466,764,-1,179,-1,742,-1,-1,-1,-1,-1,-1,-1,-1,-1,-1,-1,-1,-1,-1,-1,-1,-1,693,-1,-1,-1,-1,0,-1,-1,-1,-1,-1,-1,-1,-1,-1,699,608,-1,-1,-1,231,-1,-1,-1,-1,-1,-1,-1,635,-1,667,512,-1,141,-1,-1,-1,-1,-1,-1,690,-1,-1,-1,611,-1,727,-1],[325,-1,436,-1,-1,-1,-1,143,-1,-1,-1,-1,-1,-1,-1,-1,-1,455,377,-1,-1,-1,641,-1,-1,-1,-1,-1,-1,-1,358,-1,-1,-1,-1,-1,-1,-1,-1,-1,-1,327,-1,536,-1,703,-1,-1,0,-1,-1,-1,-1,-1,283,522,-1,-1,-1,437,-1,-1,-1,105,-1,-1,-1,-1,-1,-1,-1,-1,-1,-1,-1,-1,342,-1,793,-1,-1,-1,-1,-1,-1,340,368,318,-1,-1],[-1,-1,-1,-1,502,-1,518,-1,-1,-1,-1,106,631,-1,44,-1,-1,-1,-1,746,-1,-1,323,-1,-1,-1,252,-1,328,2,-1,-1,-1,-1,137,-1,-1,396,719,-1,-1,-1,39,-1,317,-1,-1,-1,-1,0,-1,-1,-1,-1,-1,90,-1,167,-1,467,-1,-1,-1,142,-1,-1,-1,-1,771,-1,-1,81,378,-1,-1,528,190,-1,689,-1,-1,-1,-1,-1,-1,-1,-1,12,-1,-1],[-1,465,-1,-1,-1,-1,-1,-1,-1,-1,-1,-1,-1,-1,514,486,-1,-1,-1,570,-1,-1,-1,-1,-1,510,546,-1,604,-1,-1,547,615,-1,-1,561,305,-1,-1,-1,-1,-1,-1,151,49,-1,-1,-1,-1,-1,0,-1,-1,-1,-1,665,-1,-1,-1,-1,-1,-1,-1,-1,-1,-1,-1,-1,-1,-1,-1,13,-1,-1,-1,-1,-1,-1,454,335,-1,-1,-1,-1,-1,476,-1,-1,-1,211],[-1,-1,-1,-1,-1,-1,-1,-1,-1,-1,-1,-1,-1,-1,-1,-1,-1,-1,226,-1,-1,-1,-1,-1,-1,-1,-1,-1,-1,-1,-1,-1,-1,-1,-1,-1,-1,-1,-1,-1,-1,-1,-1,-1,-1,-1,526,-1,-1,-1,-1,0,586,697,-1,646,590,-1,-1,-1,-1,434,481,-1,-1,388,-1,-1,499,-1,-1,578,18,288,-1,-1,595,-1,52,-1,-1,744,-1,-1,-1,164,-1,-1,-1,-1],[-1,-1,707,-1,-1,-1,-1,-1,-1,709,253,-1,-1,-1,-1,-1,-1,-1,-1,-1,-1,-1,776,720,-1,-1,-1,556,-1,11,-1,-1,-1,-1,139,-1,-1,-1,-1,-1,-1,-1,-1,-1,-1,-1,-1,-1,-1,-1,-1,586,0,-1,5,-1,-1,-1,-1,-1,612,-1,-1,-1,-1,-1,50,-1,786,-1,-1,672,-1,402,-1,-1,-1,-1,-1,-1,-1,431,-1,331,-1,-1,232,-1,-1,-1],[-1,-1,251,-1,761,-1,-1,-1,767,-1,-1,-1,718,-1,-1,-1,-1,-1,-1,-1,-1,-1,-1,-1,-1,-1,-1,798,-1,-1,150,51,-1,-1,-1,-1,-1,-1,-1,-1,-1,-1,-1,-1,-1,-1,-1,-1,-1,-1,-1,697,-1,0,-1,-1,-1,-1,-1,-1,-1,-1,-1,-1,-1,98,-1,-1,-1,-1,-1,-1,-1,-1,-1,-1,684,-1,-1,-1,-1,-1,-1,-1,-1,-1,-1,-1,-1,-1],[299,372,202,-1,-1,53,-1,-1,-1,-1,30,-1,-1,-1,-1,-1,-1,-1,-1,-1,-1,-1,-1,-1,-1,-1,-1,-1,-1,360,-1,-1,-1,-1,-1,-1,-1,-1,-1,-1,-1,770,-1,-1,-1,-1,-1,-1,283,-1,-1,-1,5,-1,0,-1,-1,-1,-1,-1,540,-1,-1,-1,-1,735,-1,-1,-1,-1,-1,-1,-1,599,-1,-1,-1,-1,-1,-1,-1,-1,-1,-1,435,82,-1,644,169,146],[-1,-1,-1,501,-1,-1,-1,-1,-1,-1,-1,-1,-1,91,-1,-1,25,-1,-1,527,-1,-1,-1,-1,-1,-1,-1,-1,-1,-1,568,-1,-1,-1,-1,-1,-1,-1,-1,-1,-1,330,-1,40,-1,-1,-1,-1,522,90,665,646,-1,-1,-1,0,-1,-1,-1,773,-1,577,-1,-1,-1,781,-1,-1,184,-1,-1,529,-1,-1,224,421,130,-1,-1,-1,447,-1,-1,-1,422,-1,-1,-1,-1,-1],[490,532,-1,453,-1,627,-1,-1,152,-1,-1,-1,-1,47,-1,-1,218,-1,-1,-1,-1,765,-1,-1,-1,165,-1,587,-1,-1,-1,-1,-1,-1,-1,-1,796,183,-1,-1,671,-1,-1,-1,-1,-1,-1,-1,-1,-1,-1,590,-1,-1,-1,-1,0,256,-1,-1,-1,-1,-1,-1,-1,-1,-1,-1,-1,-1,-1,-1,-1,-1,-1,-1,-1,545,59,-1,-1,-1,103,-1,-1,41,-1,274,-1,-1],[-1,-1,-1,-1,-1,-1,-1,-1,-1,576,557,-1,-1,-1,-1,-1,315,-1,-1,206,-1,-1,444,-1,61,-1,-1,-1,-1,-1,-1,-1,329,397,-1,658,-1,-1,533,-1,-1,-1,-1,-1,65,343,375,699,-1,167,-1,-1,-1,-1,-1,-1,256,0,-1,-1,28,-1,-1,-1,456,-1,-1,-1,-1,-1,301,-1,-1,-1,38,-1,-1,292,-1,207,185,-1,731,-1,692,-1,-1,-1,-1,797],[-1,-1,-1,-1,-1,-1,-1,-1,-1,-1,-1,-1,495,-1,675,688,-1,-1,-1,462,-1,-1,-1,100,-1,-1,-1,-1,-1,-1,-1,-1,-1,-1,-1,-1,537,-1,-1,110,54,407,698,-1,573,-1,-1,608,-1,-1,-1,-1,-1,-1,-1,-1,-1,-1,0,-1,-1,-1,-1,-1,-1,-1,-1,-1,250,-1,-1,233,-1,-1,-1,511,-1,-1,-1,-1,-1,398,-1,-1,-1,-1,-1,-1,-1,-1],[-1,-1,263,-1,-1,-1,-1,229,-1,392,-1,-1,-1,-1,-1,-1,-1,-1,721,-1,581,-1,-1,370,-1,-1,-1,-1,-1,-1,-1,-1,-1,-1,-1,-1,-1,-1,-1,-1,-1,-1,649,668,-1,-1,187,-1,437,467,-1,-1,-1,-1,-1,773,-1,-1,-1,0,307,-1,-1,-1,-1,589,-1,443,-1,-1,-1,-1,-1,-1,-1,-1,-1,-1,-1,420,-1,-1,-1,-1,-1,-1,-1,-1,24,-1],[-1,-1,-1,625,350,-1,-1,168,-1,-1,-1,-1,-1,-1,-1,-1,-1,648,639,-1,-1,-1,-1,-1,-1,-1,-1,-1,-1,722,-1,-1,-1,-1,-1,-1,-1,-1,-1,478,-1,-1,-1,716,-1,-1,-1,-1,-1,-1,-1,-1,612,-1,540,-1,-1,28,-1,307,0,564,-1,-1,-1,120,-1,-1,-1,-1,-1,-1,386,409,-1,-1,-1,-1,-1,-1,-1,-1,131,-1,-1,513,-1,-1,-1,-1],[-1,-1,-1,-1,361,-1,-1,415,-1,-1,93,-1,-1,-1,-1,-1,-1,129,-1,-1,-1,-1,-1,535,-1,-1,-1,23,189,-1,-1,357,-1,-1,-1,-1,-1,145,-1,77,-1,-1,-1,-1,-1,-1,-1,-1,-1,-1,-1,434,-1,-1,-1,577,-1,-1,-1,-1,564,0,-1,-1,-1,-1,603,-1,-1,-1,273,-1,-1,-1,156,-1,-1,-1,4,-1,-1,-1,99,-1,-1,-1,-1,-1,153,-1],[-1,-1,558,-1,-1,46,-1,-1,365,-1,-1,-1,-1,780,-1,-1,-1,585,314,-1,-1,650,-1,-1,419,-1,-1,-1,-1,-1,-1,-1,-1,-1,413,-1,58,-1,-1,-1,-1,67,248,-1,-1,-1,-1,231,-1,-1,-1,481,-1,-1,-1,-1,-1,-1,-1,-1,-1,-1,0,-1,-1,-1,-1,-1,598,753,-1,-1,-1,-1,-1,-1,794,-1,-1,-1,483,638,-1,-1,-1,332,-1,-1,-1,-1],[406,-1,-1,-1,-1,-1,-1,-1,-1,-1,-1,475,-1,-1,-1,-1,-1,-1,544,-1,-1,-1,-1,-1,-1,-1,-1,195,-1,-1,-1,-1,-1,-1,-1,-1,-1,-1,-1,772,-1,-1,-1,-1,-1,613,-1,-1,105,142,-1,-1,-1,-1,-1,-1,-1,-1,-1,-1,-1,-1,-1,0,-1,-1,-1,-1,-1,-1,-1,-1,-1,-1,-1,394,-1,-1,-1,-1,-1,-1,157,-1,-1,-1,-1,-1,-1,-1],[-1,-1,-1,-1,-1,-1,-1,-1,-1,-1,-1,477,-1,-1,750,-1,309,-1,194,-1,410,-1,-1,-1,-1,-1,-1,-1,-1,-1,-1,-1,-1,661,-1,-1,-1,-1,-1,-1,-1,-1,605,-1,-1,109,-1,-1,-1,-1,-1,-1,-1,-1,-1,-1,-1,456,-1,-1,-1,-1,-1,-1,0,-1,-1,-1,534,579,-1,-1,-1,-1,-1,-1,214,440,694,-1,308,596,22,-1,-1,-1,-1,-1,-1,-1],[-1,-1,-1,-1,-1,-1,-1,-1,-1,102,-1,774,-1,-1,-1,-1,-1,-1,-1,-1,-1,-1,-1,-1,-1,-1,-1,-1,-1,-1,-1,-1,-1,-1,-1,-1,-1,-1,-1,-1,-1,-1,-1,-1,-1,-1,270,-1,-1,-1,-1,388,-1,98,735,781,-1,-1,-1,589,120,-1,-1,-1,-1,0,-1,-1,-1,-1,-1,756,-1,-1,-1,-1,-1,-1,-1,-1,-1,80,583,461,-1,-1,275,-1,-1,-1],[-1,-1,-1,-1,-1,-1,373,-1,-1,-1,-1,-1,-1,-1,-1,-1,-1,385,-1,-1,-1,-1,-1,571,-1,-1,-1,-1,-1,-1,284,-1,-1,-1,-1,302,-1,-1,-1,-1,-1,-1,706,-1,-1,-1,-1,-1,-1,-1,-1,-1,50,-1,-1,-1,-1,-1,-1,-1,-1,603,-1,-1,-1,-1,0,-1,-1,-1,-1,-1,-1,34,-1,-1,-1,-1,-1,300,-1,-1,-1,-1,-1,-1,-1,-1,-1,-1],[-1,-1,479,-1,-1,-1,-1,-1,-1,-1,-1,-1,-1,-1,759,-1,-1,-1,-1,-1,-1,621,69,569,-1,-1,19,-1,652,-1,-1,-1,-1,-1,31,-1,-1,-1,-1,464,-1,-1,-1,-1,-1,-1,159,-1,-1,-1,-1,-1,-1,-1,-1,-1,-1,-1,-1,443,-1,-1,-1,-1,-1,-1,-1,0,-1,463,-1,-1,-1,-1,-1,-1,-1,282,-1,-1,-1,-1,-1,-1,640,-1,-1,755,326,-1],[-1,-1,-1,-1,-1,-1,-1,-1,-1,-1,-1,-1,-1,-1,-1,-1,-1,-1,369,-1,-1,-1,-1,-1,-1,-1,-1,346,-1,-1,-1,249,-1,-1,751,-1,-1,-1,-1,-1,-1,-1,446,-1,487,-1,-1,-1,-1,771,-1,499,786,-1,-1,184,-1,-1,250,-1,-1,-1,598,-1,534,-1,-1,-1,0,-1,801,-1,-1,-1,-1,405,192,-1,523,-1,-1,-1,-1,-1,-1,-1,-1,-1,108,497],[-1,16,-1,-1,352,-1,-1,-1,-1,383,-1,607,-1,-1,124,-1,-1,208,-1,-1,-1,-1,-1,-1,-1,-1,-1,562,-1,-1,412,-1,-1,-1,-1,-1,-1,239,-1,602,-1,-1,-1,-1,-1,-1,-1,-1,-1,-1,-1,-1,-1,-1,-1,-1,-1,-1,-1,-1,-1,-1,753,-1,579,-1,-1,463,-1,0,-1,-1,-1,530,-1,-1,-1,-1,-1,-1,-1,677,-1,-1,-1,-1,89,311,-1,-1],[-1,-1,725,171,-1,-1,-1,-1,680,430,-1,726,-1,-1,-1,-1,-1,322,-1,-1,-1,-1,-1,-1,-1,-1,-1,-1,269,-1,-1,-1,-1,-1,-1,-1,48,-1,-1,-1,-1,-1,-1,-1,-1,-1,-1,635,-1,-1,-1,-1,-1,-1,-1,-1,-1,301,-1,-1,-1,273,-1,-1,-1,-1,-1,-1,801,-1,0,213,-1,-1,588,-1,-1,-1,600,-1,758,-1,-1,-1,662,-1,-1,777,-1,-1],[-1,-1,663,366,-1,-1,-1,260,471,-1,-1,-1,-1,-1,-1,390,-1,-1,-1,411,-1,-1,473,-1,-1,37,-1,-1,220,-1,136,-1,-1,-1,-1,-1,-1,-1,-1,-1,-1,-1,-1,-1,-1,-1,-1,-1,-1,81,13,578,672,-1,-1,529,-1,-1,233,-1,-1,-1,-1,-1,-1,756,-1,-1,-1,-1,213,0,-1,594,-1,-1,-1,-1,-1,-1,-1,-1,-1,-1,-1,191,-1,-1,265,-1],[-1,-1,-1,-1,-1,-1,-1,-1,-1,-1,-1,-1,-1,-1,-1,-1,-1,177,-1,-1,-1,606,-1,-1,246,-1,-1,-1,-1,-1,-1,-1,400,-1,-1,-1,321,-1,-1,-1,-1,-1,-1,655,-1,-1,-1,667,-1,378,-1,18,-1,-1,-1,-1,-1,-1,-1,-1,386,-1,-1,-1,-1,-1,-1,-1,-1,-1,-1,-1,0,790,313,-1,-1,-1,-1,-1,303,379,-1,-1,-1,592,-1,-1,-1,-1],[-1,-1,-1,-1,-1,624,555,116,565,-1,-1,-1,281,-1,-1,-1,-1,737,-1,-1,-1,-1,696,-1,-1,-1,-1,-1,-1,747,-1,97,-1,-1,-1,-1,686,-1,-1,-1,-1,-1,304,-1,-1,799,-1,512,-1,-1,-1,288,402,-1,599,-1,-1,-1,-1,-1,409,-1,-1,-1,-1,-1,34,-1,-1,530,-1,594,790,0,676,-1,597,-1,-1,-1,-1,619,-1,630,-1,-1,404,-1,-1,244],[704,-1,-1,623,144,-1,-1,-1,-1,268,-1,-1,-1,-1,451,-1,-1,-1,-1,-1,78,-1,-1,-1,-1,-1,-1,-1,-1,-1,-1,278,-1,-1,180,-1,-1,-1,-1,-1,-1,-1,-1,-1,-1,-1,-1,-1,-1,-1,-1,-1,-1,-1,-1,224,-1,38,-1,-1,-1,156,-1,-1,-1,-1,-1,-1,-1,-1,588,-1,313,676,0,-1,-1,-1,126,-1,-1,-1,-1,204,-1,-1,660,-1,-1,-1],[-1,-1,178,-1,-1,-1,-1,-1,520,-1,-1,-1,-1,-1,-1,-1,-1,196,133,-1,-1,-1,653,-1,-1,-1,-1,-1,572,36,-1,-1,-1,203,-1,-1,-1,-1,724,-1,-1,334,783,-1,-1,-1,-1,141,-1,528,-1,-1,-1,-1,-1,421,-1,-1,511,-1,-1,-1,-1,394,-1,-1,-1,-1,405,-1,-1,-1,-1,-1,-1,0,-1,560,-1,-1,-1,-1,-1,123,-1,-1,-1,-1,-1,-1],[-1,-1,-1,-1,-1,-1,-1,-1,-1,227,-1,-1,482,320,-1,-1,-1,634,-1,-1,-1,-1,-1,-1,-1,186,654,163,362,484,-1,433,-1,-1,-1,-1,21,-1,-1,148,-1,-1,174,-1,-1,-1,-1,-1,342,190,-1,595,-1,684,-1,130,-1,-1,-1,-1,-1,-1,794,-1,214,-1,-1,-1,192,-1,-1,-1,-1,597,-1,-1,0,-1,-1,480,-1,-1,-1,-1,782,242,235,170,-1,521],[-1,-1,-1,-1,-1,-1,118,-1,-1,-1,-1,-1,-1,112,-1,785,-1,-1,-1,-1,-1,364,-1,-1,337,743,-1,-1,701,-1,656,-1,-1,-1,-1,-1,-1,-1,-1,15,-1,210,498,-1,-1,-1,-1,-1,-1,-1,-1,-1,-1,-1,-1,-1,545,292,-1,-1,-1,-1,-1,-1,440,-1,-1,282,-1,-1,-1,-1,-1,-1,-1,560,-1,0,-1,-1,-1,-1,705,-1,-1,295,-1,-1,426,88],[257,-1,-1,-1,-1,-1,-1,-1,-1,757,-1,-1,-1,452,496,-1,-1,-1,-1,-1,-1,-1,-1,42,-1,71,-1,-1,-1,-1,687,681,-1,193,-1,-1,-1,-1,-1,-1,-1,-1,-1,-1,-1,-1,-1,-1,793,689,454,52,-1,-1,-1,-1,59,-1,-1,-1,-1,4,-1,-1,694,-1,-1,-1,523,-1,600,-1,-1,-1,126,-1,-1,-1,0,-1,-1,-1,-1,-1,-1,-1,-1,-1,-1,-1],[-1,-1,-1,-1,-1,-1,-1,-1,26,-1,62,-1,-1,-1,-1,-1,442,-1,-1,-1,-1,-1,-1,-1,-1,741,-1,-1,-1,-1,-1,424,-1,-1,-1,-1,-1,-1,-1,584,223,-1,-1,205,552,-1,336,-1,-1,-1,335,-1,-1,-1,-1,-1,-1,207,-1,420,-1,-1,-1,-1,-1,-1,300,-1,-1,-1,-1,-1,-1,-1,-1,-1,480,-1,-1,0,-1,-1,-1,-1,-1,-1,-1,416,-1,-1],[-1,-1,-1,-1,-1,504,-1,-1,-1,-1,-1,-1,338,238,-1,674,566,277,-1,-1,-1,-1,-1,-1,-1,-1,-1,-1,-1,659,-1,-1,-1,-1,-1,-1,-1,-1,-1,-1,70,-1,-1,-1,-1,-1,-1,-1,-1,-1,-1,-1,-1,-1,-1,447,-1,185,-1,-1,-1,-1,483,-1,308,-1,-1,-1,-1,-1,758,-1,303,-1,-1,-1,-1,-1,-1,-1,0,-1,-1,-1,-1,-1,-1,-1,-1,645],[-1,-1,642,-1,-1,-1,-1,-1,-1,-1,389,784,-1,-1,-1,791,-1,-1,-1,-1,-1,-1,-1,-1,-1,-1,127,-1,505,-1,712,-1,-1,-1,-1,-1,261,-1,155,-1,236,-1,-1,-1,-1,-1,-1,-1,-1,-1,-1,744,431,-1,-1,-1,-1,-1,398,-1,-1,-1,638,-1,596,80,-1,-1,-1,677,-1,-1,379,619,-1,-1,-1,-1,-1,-1,-1,0,550,539,107,-1,-1,-1,-1,-1],[427,-1,-1,-1,-1,-1,-1,-1,-1,-1,-1,-1,-1,-1,-1,-1,-1,-1,-1,-1,-1,506,-1,-1,-1,-1,-1,-1,515,-1,258,-1,-1,-1,-1,266,-1,-1,128,-1,-1,-1,-1,732,-1,-1,-1,690,-1,-1,-1,-1,-1,-1,-1,-1,103,731,-1,-1,131,99,-1,157,22,583,-1,-1,-1,-1,-1,-1,-1,-1,-1,-1,-1,705,-1,-1,-1,550,0,-1,-1,-1,-1,-1,-1,-1],[-1,-1,-1,-1,458,543,-1,-1,-1,736,754,468,-1,-1,-1,-1,-1,-1,-1,-1,-1,-1,-1,-1,449,-1,-1,-1,-1,285,-1,-1,-1,-1,-1,-1,-1,-1,-1,222,-1,198,-1,-1,-1,160,-1,-1,-1,-1,-1,-1,331,-1,-1,-1,-1,-1,-1,-1,-1,-1,-1,-1,-1,461,-1,-1,-1,-1,-1,-1,-1,630,204,123,-1,-1,-1,-1,-1,539,-1,0,-1,20,-1,-1,-1,-1],[-1,-1,255,-1,-1,217,-1,-1,-1,-1,-1,-1,-1,-1,-1,-1,-1,-1,-1,-1,-1,-1,-1,-1,-1,149,717,-1,-1,-1,-1,-1,-1,-1,438,-1,-1,-1,-1,-1,-1,-1,-1,55,-1,-1,752,-1,-1,-1,-1,-1,-1,-1,435,422,-1,692,-1,-1,-1,-1,-1,-1,-1,-1,-1,640,-1,-1,662,-1,-1,-1,-1,-1,782,-1,-1,-1,-1,107,-1,-1,0,-1,-1,-1,-1,-1],[-1,-1,-1,-1,-1,-1,-1,-1,-1,-1,-1,-1,-1,-1,-1,-1,-1,-1,-1,-1,-1,-1,-1,-1,-1,-1,-1,-1,-1,670,-1,267,-1,-1,-1,-1,-1,-1,35,-1,-1,-1,-1,393,-1,212,730,-1,340,-1,476,164,-1,-1,82,-1,41,-1,-1,-1,513,-1,332,-1,-1,-1,-1,-1,-1,-1,-1,191,592,-1,-1,-1,242,295,-1,-1,-1,-1,-1,20,-1,0,349,-1,-1,-1],[-1,-1,-1,-1,-1,-1,-1,-1,-1,-1,-1,503,-1,-1,-1,-1,-1,775,-1,-1,-1,-1,8,-1,287,-1,347,-1,-1,-1,702,-1,-1,-1,234,-1,-1,-1,-1,708,787,-1,225,-1,-1,-1,-1,611,368,-1,-1,-1,232,-1,-1,-1,-1,-1,-1,-1,-1,-1,-1,-1,-1,275,-1,-1,-1,89,-1,-1,-1,404,660,-1,235,-1,-1,-1,-1,-1,-1,-1,-1,349,0,-1,-1,-1],[-1,-1,-1,760,-1,-1,-1,-1,-1,6,542,-1,-1,-1,-1,-1,-1,-1,-1,-1,-1,-1,-1,-1,356,345,-1,-1,-1,-1,92,-1,553,-1,-1,-1,-1,-1,-1,-1,-1,-1,-1,291,-1,488,297,-1,318,12,-1,-1,-1,-1,644,-1,274,-1,-1,-1,-1,-1,-1,-1,-1,-1,-1,755,-1,311,777,-1,-1,-1,-1,-1,170,-1,-1,416,-1,-1,-1,-1,-1,-1,-1,0,-1,-1],[-1,-1,-1,-1,-1,-1,-1,56,-1,-1,-1,-1,-1,-1,-1,-1,-1,-1,-1,-1,-1,-1,-1,94,-1,228,-1,-1,-1,-1,637,-1,-1,728,-1,215,-1,-1,-1,-1,-1,-1,-1,113,-1,135,-1,727,-1,-1,-1,-1,-1,-1,169,-1,-1,-1,-1,24,-1,153,-1,-1,-1,-1,-1,326,108,-1,-1,265,-1,-1,-1,-1,-1,426,-1,-1,-1,-1,-1,-1,-1,-1,-1,-1,0,-1],[-1,507,-1,-1,788,166,472,-1,353,-1,-1,-1,-1,-1,-1,-1,-1,609,-1,-1,-1,-1,-1,-1,-1,-1,-1,-1,-1,-1,-1,-1,679,-1,-1,-1,-1,-1,-1,-1,-1,-1,-1,-1,-1,201,-1,-1,-1,-1,211,-1,-1,-1,146,-1,-1,797,-1,-1,-1,-1,-1,-1,-1,-1,-1,-1,497,-1,-1,-1,-1,244,-1,-1,521,88,-1,-1,645,-1,-1,-1,-1,-1,-1,-1,-1,0]]},{"NodeCount":90,"EdgeCount":1602,"Graph":[[0,-1,385,604,259,472,-1,-1,1534,186,-1,-1,230,-1,399,1430,-1,1229,-1,-1,560,-1,728,1046,-1,-1,-1,1061,-1,-1,-1,1031,1355,-1,-1,-1,-1,248,242,-1,341,878,-1,-1,-1,-1,-1,303,-1,-1,917,-1,167,-1,-1,963,-1,-1,-1,-1,1450,-1,-1,-1,891,-1,-1,711,-1,-1,503,1020,1538,1145,-1,1584,1600,-1,-1,-1,903,-1,1235,85,1328,-1,-1,1576,137,-1],[-1,0,-1,1081,65,-1,-1,487,-1,107,88,-1,1491,-1,-1,-1,-1,-1,698,725,172,767,288,-1,-1,-1,-1,-1,-1,509,-1,-1,-1,1250,489,577,-1,-1,-1,-1,-1,958,203,1050,-1,-1,-1,-1,338,-1,-1,-1,-1,-1,1351,1132,-1,1273,-1,129,-1,135,-1,113,511,-1,-1,-1,776,608,-1,-1,-1,389,-1,1253,415,219,274,-1,-1,-1,-1,-1,-1,-1,-1,1439,-1,1124],[385,-1,0,-1,-1,146,-1,12,-1,310,46,-1,-1,-1,828,1219,-1,292,154,-1,40,-1,-1,886,-1,-1,-1,-1,-1,-1,1536,328,970,-1,-1,324,325,1260,1019,-1,1028,1329,1465,-1,531,-1,-1,664,1085,1523,185,224,-1,-1,-1,-1,-1,-1,-1,1290,-1,-1,44,-1,138,-1,1489,-1,1164,293,-1,-1,-1,-1,1210,457,-1,75,1435,-1,271,1397,384,-1,-1,906,-1,255,453,-1],[604,1081,-1,0,77,-1,-1,830,1321,1285,-1,-1,-1,-1,-1,922,243,-1,372,-1,-1,-1,615,1071,1365,-1,-1,-1,-1,-1,-1,1490,-1,534,688,94,-1,-1,-1,1471,702,1379,851,-1,-1,322,11,769,-1,-1,-1,1547,-1,-1,-1,-1,55,-1,-1,-1,-1,-1,1300,-1,10,-1,616,-1,-1,449,-1,1072,611,-1,23,1187,1420,-1,423,-1,1380,-1,-1,-1,-1,-1,-1,-1,-1,1599],[259,65,-1,77,0,-1,1133,519,913,168,-1,1525,-1,212,-1,53,447,544,1089,6,1059,165,1389,-1,195,64,528,1417,1157,-1,359,-1,176,539,194,593,-1,1080,-1,-1,-1,-1,-1,190,926,-1,1548,-1,-1,-1,622,-1,-1,-1,1139,286,-1,-1,630,1105,1543,-1,-1,1189,-1,-1,-1,-1,-1,568,-1,-1,-1,273,-1,1332,-1,-1,761,396,-1,875,-1,1574,-1,1142,1333,-1,-1,1304],[472,-1,146,-1,-1,0,-1,-1,-1,-1,-1,263,1282,805,-1,122,-1,-1,-1,-1,718,-1,-1,-1,-1,-1,-1,1413,-1,741,684,-1,661,625,412,-1,245,-1,-1,199,-1,-1,900,-1,-1,-1,1571,-1,915,-1,-1,-1,-1,-1,799,-1,871,505,373,210,-1,-1,-1,620,566,-1,127,1103,-1,-1,1370,-1,-1,-1,-1,668,-1,921,-1,-1,1175,-1,-1,1212,601,-1,607,-1,-1,565],[-1,-1,-1,-1,1133,-1,0,-1,1334,-1,-1,-1,-1,-1,81,493,-1,-1,1169,-1,-1,-1,724,-1,-1,1127,117,988,558,-1,-1,-1,-1,1078,-1,845,-1,-1,1083,-1,770,-1,-1,-1,-1,-1,-1,-1,894,-1,-1,1386,-1,-1,909,-1,1463,-1,-1,1030,-1,475,-1,-1,847,-1,-1,-1,583,-1,1267,-1,-1,-1,188,1096,-1,902,-1,-1,-1,-1,-1,-1,1459,-1,740,-1,380,-1],[-1,487,12,830,519,-1,-1,0,-1,-1,204,-1,1166,-1,-1,376,1053,-1,637,-1,-1,-1,1198,644,-1,72,1193,-1,-1,1034,-1,-1,1532,1207,170,-1,-1,83,-1,-1,-1,-1,1141,1012,-1,717,-1,-1,-1,-1,119,864,-1,-1,171,-1,-1,-1,-1,1451,-1,-1,-1,-1,-1,-1,-1,-1,-1,981,416,-1,-1,-1,-1,-1,339,-1,1433,609,-1,-1,1349,277,-1,-1,-1,-1,-1,-1],[1534,-1,-1,1321,913,-1,1334,-1,0,1590,-1,1564,-1,980,-1,-1,-1,-1,1506,-1,364,208,832,-1,-1,278,-1,-1,-1,-1,-1,-1,-1,1037,437,-1,962,-1,-1,1161,602,685,-1,1446,-1,-1,348,1454,320,-1,1025,-1,1429,1466,1097,394,1350,687,-1,592,-1,-1,355,-1,587,-1,1173,538,-1,-1,-1,-1,-1,835,388,-1,-1,1515,-1,-1,1283,-1,-1,432,772,1445,1388,-1,-1,153],[186,107,310,1285,168,-1,-1,-1,1590,0,-1,775,-1,530,-1,-1,421,-1,-1,-1,-1,-1,617,-1,32,-1,-1,-1,1371,1269,1567,692,182,733,1003,1168,1076,-1,-1,-1,-1,-1,162,-1,1263,542,-1,-1,-1,-1,750,-1,1462,-1,-1,-1,1487,-1,-1,-1,882,674,843,-1,-1,-1,836,735,680,1579,1110,-1,-1,-1,-1,-1,459,514,689,480,71,1216,800,-1,660,-1,-1,496,-1,-1],[-1,88,46,-1,-1,-1,-1,204,-1,-1,0,-1,-1,-1,1176,-1,-1,-1,795,177,737,-1,-1,-1,24,-1,-1,-1,-1,951,238,-1,1178,-1,-1,-1,755,485,-1,1405,1091,-1,910,-1,78,306,220,-1,-1,-1,-1,1060,-1,-1,821,-1,-1,-1,-1,563,1568,-1,512,-1,-1,-1,-1,-1,471,-1,-1,810,1449,1301,-1,-1,-1,-1,128,-1,-1,-1,-1,1088,-1,-1,264,-1,638,-1],[-1,-1,-1,-1,1525,263,-1,-1,1564,775,-1,0,-1,842,258,1238,-1,-1,1022,-1,-1,-1,1360,-1,-1,-1,-1,-1,1495,-1,378,-1,567,1453,-1,-1,-1,1403,-1,211,-1,1112,-1,-1,-1,1140,-1,463,1545,110,50,7,1249,1305,-1,868,-1,-1,-1,846,-1,-1,-1,-1,-1,-1,-1,-1,-1,-1,82,-1,-1,1488,659,209,1055,391,-1,-1,-1,435,-1,-1,-1,-1,467,-1,-1,-1],[230,1491,-1,-1,-1,1282,-1,1166,-1,-1,-1,-1,0,254,744,-1,-1,806,-1,-1,1230,1160,-1,494,-1,-1,-1,-1,73,-1,899,-1,13,-1,1315,-1,-1,-1,-1,-1,-1,1549,-1,-1,-1,-1,-1,181,1086,715,241,343,438,-1,-1,347,-1,-1,-1,-1,-1,650,-1,353,1492,1455,-1,535,-1,-1,1540,61,-1,1098,1221,27,-1,1056,1209,-1,-1,999,-1,961,-1,-1,-1,-1,-1,-1],[-1,-1,-1,-1,212,805,-1,-1,980,530,-1,842,254,0,-1,-1,1508,-1,-1,383,-1,723,-1,966,947,747,764,100,-1,-1,1026,-1,-1,-1,-1,-1,409,20,-1,15,1418,-1,753,-1,-1,228,-1,739,-1,1520,-1,-1,1326,898,-1,-1,-1,-1,-1,-1,-1,-1,-1,-1,-1,-1,1484,-1,-1,1023,1476,584,-1,-1,1458,589,1039,-1,-1,-1,-1,-1,-1,1179,408,-1,-1,-1,441,-1],[399,-1,828,-1,-1,-1,81,-1,-1,-1,1176,258,744,-1,0,-1,-1,-1,1119,-1,498,818,-1,704,-1,-1,-1,-1,307,-1,1421,283,-1,1234,-1,-1,-1,727,695,-1,-1,-1,983,1522,1521,-1,-1,1550,526,506,-1,-1,-1,1553,-1,-1,1090,1040,-1,-1,-1,479,-1,-1,-1,-1,-1,-1,-1,1296,-1,-1,161,-1,-1,-1,-1,-1,-1,-1,-1,1149,697,-1,-1,953,-1,-1,-1,897],[1430,-1,1219,922,53,122,493,376,-1,-1,-1,1238,-1,-1,-1,0,-1,-1,802,-1,-1,41,1293,-1,1472,808,282,37,-1,-1,-1,-1,-1,-1,657,-1,-1,466,-1,-1,-1,874,-1,1265,-1,1319,700,591,-1,-1,-1,-1,-1,-1,-1,-1,158,1231,-1,-1,-1,803,-1,1480,-1,445,-1,-1,707,-1,-1,-1,227,-1,-1,-1,1592,2,22,-1,-1,790,-1,934,-1,-1,-1,237,-1,-1],[-1,-1,-1,243,447,-1,-1,1053,-1,421,-1,-1,-1,1508,-1,-1,0,-1,-1,-1,-1,4,998,-1,298,-1,1155,1144,-1,-1,-1,-1,187,1401,1153,-1,-1,-1,1287,-1,1366,1509,-1,-1,-1,-1,70,-1,-1,647,433,-1,-1,645,1452,553,-1,-1,-1,1256,-1,1352,809,1271,797,-1,-1,136,431,1237,1602,312,-1,36,-1,1377,-1,-1,-1,1068,-1,1555,-1,-1,-1,994,356,-1,949,-1],[1229,-1,292,-1,544,-1,-1,-1,-1,-1,-1,-1,806,-1,-1,-1,-1,0,-1,-1,-1,694,1456,121,-1,1367,-1,579,794,1469,329,633,235,985,333,-1,1052,-1,581,434,-1,-1,-1,916,-1,1336,762,1266,-1,1426,-1,-1,-1,-1,-1,1252,-1,164,-1,1529,-1,-1,1310,-1,-1,-1,-1,477,-1,-1,-1,470,-1,-1,-1,-1,950,-1,58,-1,749,-1,-1,398,-1,-1,-1,-1,-1,590],[-1,698,154,372,1089,-1,1169,637,1506,-1,795,1022,-1,-1,1119,802,-1,-1,0,887,571,945,964,675,-1,-1,-1,1346,-1,-1,1226,363,548,720,-1,-1,-1,738,-1,-1,-1,-1,-1,-1,-1,-1,1218,-1,371,-1,-1,313,1331,-1,-1,-1,-1,-1,-1,-1,-1,1049,-1,-1,1109,54,-1,-1,-1,1043,-1,-1,-1,-1,-1,-1,-1,-1,-1,-1,-1,207,340,99,-1,-1,-1,1444,1368,-1],[-1,725,-1,-1,6,-1,-1,-1,-1,-1,177,-1,-1,383,-1,-1,-1,-1,887,0,-1,-1,-1,1497,920,191,62,8,-1,-1,965,-1,-1,-1,1016,-1,-1,-1,-1,-1,-1,1589,-1,-1,629,-1,653,1248,-1,1014,256,873,-1,-1,-1,-1,-1,-1,-1,1364,955,381,-1,336,-1,446,1006,395,1100,1517,1008,473,-1,1424,266,-1,-1,9,1041,632,1569,1303,-1,1563,-1,1573,184,-1,-1,537],[560,172,40,-1,1059,718,-1,-1,364,-1,737,-1,1230,-1,498,-1,-1,-1,571,-1,0,-1,1128,-1,-1,375,1507,-1,621,-1,-1,-1,-1,-1,-1,-1,-1,-1,-1,-1,-1,743,-1,1537,216,-1,-1,1000,-1,261,1601,-1,866,1302,47,-1,-1,-1,1225,450,-1,944,812,-1,-1,1473,820,-1,-1,1058,-1,482,-1,990,-1,260,-1,-1,540,1184,-1,-1,499,-1,-1,1172,-1,-1,-1,-1],[-1,767,-1,-1,165,-1,-1,-1,208,-1,-1,-1,1160,723,818,41,4,694,945,-1,-1,0,-1,883,-1,101,301,-1,-1,-1,-1,1027,49,-1,-1,1528,-1,-1,289,57,-1,-1,272,-1,-1,150,554,-1,-1,-1,-1,626,296,-1,1427,193,-1,-1,993,352,-1,-1,443,-1,1526,-1,90,1202,-1,323,1199,-1,-1,-1,-1,-1,-1,1255,833,33,-1,-1,-1,1011,-1,-1,308,-1,-1,-1],[728,288,-1,615,1389,-1,724,1198,832,617,-1,1360,-1,-1,-1,1293,998,1456,964,-1,1128,-1,0,-1,-1,-1,1375,-1,-1,-1,-1,-1,-1,-1,-1,-1,1570,1174,781,-1,1029,1411,889,-1,-1,1501,126,-1,1264,-1,123,-1,967,-1,1443,1117,-1,39,-1,1137,1524,451,-1,-1,545,1159,-1,455,-1,-1,-1,-1,-1,103,1425,-1,330,1013,1324,1295,-1,-1,-1,-1,997,758,-1,-1,-1,-1],[1046,-1,886,1071,-1,-1,-1,644,-1,-1,-1,-1,494,966,704,-1,-1,121,675,1497,-1,883,-1,0,1181,-1,1428,-1,-1,-1,-1,-1,-1,-1,14,-1,-1,1438,-1,-1,1200,-1,-1,115,-1,-1,574,-1,-1,-1,-1,736,1007,1399,510,-1,221,-1,1130,1274,-1,804,-1,-1,-1,811,-1,-1,-1,-1,-1,269,-1,1152,865,1519,-1,-1,-1,-1,-1,-1,1457,-1,-1,-1,1232,-1,-1,106],[-1,-1,-1,1365,195,-1,-1,-1,-1,32,24,-1,-1,947,-1,1472,298,-1,-1,920,-1,-1,-1,1181,0,284,-1,-1,570,-1,1415,-1,1595,1372,-1,-1,-1,202,-1,38,-1,-1,454,693,-1,-1,-1,125,-1,1316,-1,225,244,1390,-1,-1,-1,-1,397,448,-1,-1,1511,-1,35,742,959,-1,-1,-1,-1,-1,67,-1,-1,-1,1206,-1,-1,-1,599,-1,-1,1416,713,-1,-1,-1,-1,-1],[-1,-1,-1,-1,64,-1,1127,72,278,-1,-1,-1,-1,747,-1,808,-1,1367,-1,191,375,101,-1,-1,284,0,549,1578,1376,-1,1342,1398,223,-1,-1,561,901,760,822,-1,859,-1,-1,-1,-1,880,-1,575,342,-1,-1,912,275,-1,-1,1373,946,-1,-1,1542,-1,-1,315,-1,-1,-1,-1,267,-1,673,1197,-1,-1,-1,60,1042,-1,281,-1,214,344,1162,1585,1513,-1,1115,-1,-1,-1,366],[-1,-1,-1,-1,528,-1,117,1193,-1,-1,-1,-1,-1,764,-1,282,1155,-1,-1,62,1507,301,1375,1428,-1,549,0,751,-1,784,-1,-1,1220,-1,783,-1,-1,-1,1259,139,374,-1,-1,1002,1385,-1,-1,1338,1307,-1,1400,-1,-1,849,116,973,-1,777,-1,573,1396,-1,734,-1,1001,1557,881,-1,860,-1,-1,-1,-1,-1,-1,-1,546,-1,-1,-1,-1,754,-1,-1,853,-1,639,478,-1,45],[1061,-1,-1,-1,1417,1413,988,-1,-1,-1,-1,-1,-1,100,-1,37,1144,579,1346,8,-1,-1,-1,-1,-1,1578,751,0,-1,816,-1,839,411,-1,1228,93,-1,-1,-1,-1,405,-1,-1,-1,-1,141,-1,19,-1,-1,-1,551,-1,-1,1092,-1,651,16,-1,430,1496,-1,-1,-1,1314,-1,1129,-1,-1,-1,550,-1,262,929,-1,-1,1306,-1,943,-1,1211,1010,782,-1,-1,-1,-1,-1,-1,-1],[-1,-1,-1,-1,1157,-1,558,-1,-1,1371,-1,1495,73,-1,307,-1,-1,794,-1,-1,621,-1,-1,-1,570,1376,-1,-1,0,-1,789,612,968,-1,-1,-1,-1,-1,-1,-1,-1,1126,730,-1,752,-1,-1,1233,-1,17,-1,-1,927,-1,1279,-1,-1,-1,-1,1102,-1,-1,-1,1227,-1,299,1554,-1,350,-1,-1,-1,-1,1294,-1,-1,716,1151,-1,-1,-1,-1,-1,956,-1,-1,134,-1,-1,-1],[-1,509,-1,-1,-1,741,-1,1034,-1,1269,951,-1,-1,-1,-1,-1,-1,1469,-1,-1,-1,-1,-1,-1,-1,-1,784,816,-1,0,-1,-1,-1,1213,386,-1,-1,143,-1,-1,745,-1,1163,-1,-1,-1,-1,-1,1277,521,316,765,-1,-1,-1,-1,-1,-1,1591,-1,1322,-1,-1,-1,-1,5,-1,-1,66,-1,624,-1,1134,-1,1261,-1,-1,-1,937,-1,719,-1,-1,-1,-1,-1,1531,-1,1470,-1],[-1,-1,1536,-1,359,684,-1,-1,-1,1567,238,378,899,1026,1421,-1,-1,329,1226,965,-1,-1,-1,-1,1415,1342,-1,-1,789,-1,0,1406,890,-1,840,-1,-1,-1,25,-1,1448,-1,-1,1214,233,68,92,-1,1577,1477,-1,1222,-1,605,826,614,390,-1,29,-1,-1,-1,349,686,1494,-1,562,-1,905,627,-1,918,-1,1114,-1,-1,257,666,1586,854,-1,-1,-1,-1,-1,-1,1070,-1,-1,861],[1031,-1,328,1490,-1,-1,-1,-1,-1,692,-1,-1,-1,-1,283,-1,-1,633,363,-1,-1,1027,-1,-1,-1,1398,-1,839,612,-1,1406,0,-1,196,-1,425,1111,-1,458,-1,-1,43,-1,-1,-1,1587,-1,414,114,-1,1066,-1,1596,309,-1,1064,856,1170,1194,-1,1442,-1,1340,610,-1,-1,-1,422,34,-1,-1,-1,-1,401,-1,-1,-1,502,-1,-1,1108,-1,-1,986,-1,1381,-1,304,-1,515],[1355,-1,970,-1,176,661,-1,1532,-1,182,1178,567,13,-1,-1,-1,187,235,548,-1,-1,49,-1,-1,1595,223,1220,411,968,-1,890,-1,0,1032,1408,1546,-1,940,1341,-1,-1,792,-1,1069,-1,1335,1123,-1,-1,-1,-1,-1,982,895,-1,-1,756,-1,84,952,-1,888,1177,-1,-1,-1,1479,877,321,-1,-1,-1,1077,1343,452,1514,-1,1527,42,-1,586,-1,-1,699,250,-1,1369,837,-1,520],[-1,1250,-1,534,539,625,1078,1207,1037,733,-1,1453,-1,-1,1234,-1,1401,985,720,-1,-1,-1,-1,-1,1372,-1,-1,-1,-1,1213,-1,196,1032,0,175,636,428,-1,490,525,-1,1572,-1,1383,-1,-1,989,-1,74,1120,-1,334,-1,778,976,-1,-1,-1,757,-1,-1,1243,722,-1,-1,-1,418,-1,-1,813,-1,-1,-1,189,-1,595,-1,102,-1,597,932,-1,-1,640,-1,-1,-1,-1,935,791],[-1,489,-1,688,194,412,-1,170,437,1003,-1,-1,1315,-1,-1,657,1153,333,-1,1016,-1,-1,-1,14,-1,-1,783,1228,-1,386,840,-1,1408,175,0,-1,1460,-1,-1,-1,-1,-1,-1,721,-1,-1,-1,-1,870,957,-1,-1,-1,-1,-1,-1,838,923,867,-1,-1,-1,-1,-1,-1,462,-1,-1,-1,-1,-1,-1,-1,-1,-1,1330,-1,-1,1313,-1,-1,-1,1461,-1,-1,-1,879,-1,-1,908],[-1,577,324,94,593,-1,845,-1,-1,1168,-1,-1,-1,-1,-1,-1,-1,-1,-1,-1,-1,1528,-1,-1,-1,561,-1,93,-1,-1,-1,425,1546,636,-1,0,-1,-1,268,844,-1,-1,-1,1067,-1,1516,1422,-1,-1,1148,1530,-1,1035,-1,-1,-1,-1,-1,-1,-1,-1,-1,217,-1,1118,-1,-1,1393,1190,1378,1541,-1,763,491,-1,-1,-1,-1,-1,-1,251,-1,-1,-1,-1,-1,-1,-1,606,-1],[-1,-1,325,-1,-1,245,-1,-1,962,1076,755,-1,-1,409,-1,-1,-1,1052,-1,-1,-1,-1,1570,-1,-1,901,-1,-1,-1,-1,-1,1111,-1,428,1460,-1,0,1391,1499,300,-1,-1,-1,-1,-1,892,-1,-1,-1,-1,-1,-1,677,-1,585,-1,-1,-1,-1,-1,-1,-1,-1,-1,1410,969,345,-1,588,-1,-1,1320,-1,-1,234,294,-1,1079,690,683,-1,-1,-1,302,1544,232,-1,-1,1485,634],[248,-1,1260,-1,1080,-1,-1,83,-1,-1,485,1403,-1,20,727,466,-1,-1,738,-1,-1,-1,1174,1438,202,760,-1,-1,-1,143,-1,-1,940,-1,-1,-1,1391,0,318,-1,-1,-1,287,-1,-1,682,-1,-1,-1,-1,-1,460,21,-1,97,1440,-1,-1,-1,-1,-1,-1,-1,297,-1,536,-1,1044,-1,-1,-1,-1,-1,1275,667,-1,-1,-1,-1,1136,-1,1297,-1,631,872,-1,-1,108,239,-1],[242,-1,1019,-1,-1,-1,1083,-1,-1,-1,-1,-1,-1,-1,695,-1,1287,581,-1,-1,-1,289,781,-1,-1,822,1259,-1,-1,-1,25,458,1341,490,-1,268,1499,318,0,-1,-1,1363,-1,1106,-1,-1,30,246,823,-1,924,834,-1,-1,-1,-1,236,354,-1,1348,-1,-1,-1,-1,-1,671,-1,-1,-1,1272,-1,-1,-1,419,279,-1,1276,-1,-1,-1,709,-1,326,-1,440,-1,-1,852,960,1581],[-1,-1,-1,1471,-1,199,-1,-1,1161,-1,1405,211,-1,15,-1,-1,-1,434,-1,-1,-1,57,-1,-1,38,-1,139,-1,-1,-1,-1,-1,-1,525,-1,844,300,-1,-1,0,51,-1,984,1288,-1,-1,-1,-1,469,-1,-1,1345,-1,1486,1344,-1,-1,159,-1,-1,-1,-1,-1,-1,111,-1,623,1597,497,-1,696,-1,1116,1504,1583,1147,1196,1407,-1,884,1062,-1,-1,1434,-1,-1,1099,-1,-1,974],[341,-1,1028,702,-1,-1,770,-1,602,-1,1091,-1,-1,1418,-1,-1,1366,-1,-1,-1,-1,-1,1029,1200,-1,859,374,405,-1,745,1448,-1,-1,-1,-1,-1,-1,-1,-1,51,0,-1,-1,582,-1,-1,-1,-1,-1,1312,-1,-1,598,-1,249,1284,-1,112,-1,1392,-1,361,89,1558,-1,857,1054,930,-1,-1,975,-1,-1,-1,-1,-1,-1,848,365,-1,-1,-1,-1,-1,841,-1,-1,1539,-1,819],[878,958,1329,1379,-1,-1,-1,-1,685,-1,-1,1112,1549,-1,-1,874,1509,-1,-1,1589,743,-1,1411,-1,-1,-1,-1,-1,1126,-1,-1,43,792,1572,-1,-1,-1,-1,1363,-1,-1,0,1359,788,-1,229,559,1045,-1,517,1217,-1,-1,-1,-1,-1,-1,-1,796,-1,1503,69,1047,1308,855,-1,-1,-1,-1,-1,-1,-1,-1,1412,-1,1021,-1,1500,-1,-1,1562,-1,-1,-1,1474,-1,1280,1240,705,-1],[-1,203,1465,851,-1,900,-1,1141,-1,162,910,-1,-1,753,983,-1,-1,-1,-1,-1,-1,272,889,-1,454,-1,-1,-1,730,1163,-1,-1,-1,-1,-1,-1,-1,287,-1,984,-1,1359,0,-1,-1,130,1167,-1,169,-1,-1,-1,-1,-1,-1,-1,-1,-1,-1,311,862,140,358,-1,-1,-1,205,-1,-1,-1,468,-1,-1,-1,417,829,798,-1,-1,-1,-1,-1,-1,444,-1,-1,-1,-1,1483,-1],[-1,1050,-1,-1,190,-1,-1,1012,1446,-1,-1,-1,-1,-1,1522,1265,-1,916,-1,-1,1537,-1,-1,115,693,-1,1002,-1,-1,-1,1214,-1,1069,1383,721,1067,-1,-1,1106,1288,582,788,-1,0,-1,-1,543,402,149,-1,-1,-1,91,-1,-1,-1,995,-1,-1,147,-1,768,1588,814,-1,-1,201,1468,863,-1,-1,1107,-1,679,904,-1,748,-1,-1,-1,1015,-1,-1,1481,1502,507,1063,-1,3,174],[-1,-1,531,-1,926,-1,-1,-1,-1,1263,78,-1,-1,-1,1521,-1,-1,-1,-1,629,216,-1,-1,-1,-1,-1,1385,-1