[{"NodeCount":50,"EdgeCount":245,"Graph":[[0,-1,-1,-1,-1,-1,-1,-1,-1,-1,-1,160,-1,-1,-1,-1,-1,-1,-1,239,-1,-1,-1,-1,-1,-1,-1,-1,-1,-1,-1,-1,-1,-1,215,-1,200,-1,-1,-1,-1,-1,-1,245,-1,-1,-1,-1,117,-1],[-1,0,-1,-1,-1,-1,-1,-1,-1,-1,-1,-1,-1,190,-1,-1,-1,-1,88,-1,-1,-1,-1,176,55,45,-1,82,-1,197,94,125,-1,-1,-1,175,33,77,80,242,-1,-1,-1,-1,-1,128,-1,-1,130,-1],[-1,-1,0,-1,-1,-1,-1,-1,60,174,-1,-1,-1,-1,-1,-1,-1,-1,-1,-1,-1,-1,-1,-1,-1,-1,145,-1,-1,83,-1,-1,-1,-1,-1,-1,-1,-1,-1,-1,-1,23,-1,-1,-1,-1,-1,227,-1,-1],[-1,-1,-1,0,-1,-1,-1,-1,228,-1,-1,-1,-1,-1,183,224,-1,-1,3,-1,-1,-1,-1,85,-1,-1,96,-1,-1,-1,-1,-1,-1,-1,-1,-1,-1,-1,-1,-1,-1,-1,-1,-1,13,-1,-1,-1,-1,-1],[-1,-1,-1,-1,0,-1,-1,-1,-1,79,179,-1,-1,-1,64,-1,-1,-1,-1,-1,-1,-1,181,-1,-1,-1,108,-1,-1,-1,-1,188,-1,-1,152,-1,167,-1,24,-1,-1,-1,-1,-1,-1,-1,-1,-1,-1,-1],[-1,-1,-1,-1,-1,0,22,217,-1,-1,-1,-1,-1,-1,-1,-1,43,41,-1,-1,44,-1,-1,-1,-1,-1,-1,-1,109,-1,-1,-1,-1,32,-1,-1,-1,-1,-1,-1,-1,-1,180,-1,99,196,-1,-1,-1,-1],[-1,-1,-1,-1,-1,22,0,-1,-1,-1,-1,-1,-1,-1,84,-1,110,-1,-1,-1,225,-1,-1,207,-1,-1,-1,-1,-1,-1,-1,240,-1,165,-1,-1,-1,6,202,-1,47,-1,-1,-1,-1,-1,-1,-1,-1,-1],[-1,-1,-1,-1,-1,217,-1,0,-1,-1,-1,-1,-1,-1,-1,-1,-1,-1,-1,-1,-1,36,113,-1,119,-1,-1,-1,-1,-1,42,-1,127,-1,-1,-1,-1,139,185,-1,95,-1,-1,-1,-1,-1,20,-1,-1,-1],[-1,-1,60,228,-1,-1,-1,-1,0,-1,-1,-1,-1,62,-1,-1,234,-1,-1,-1,-1,-1,-1,-1,-1,-1,-1,122,-1,102,-1,16,-1,-1,-1,74,-1,58,-1,-1,-1,-1,-1,-1,129,19,-1,-1,212,-1],[-1,-1,174,-1,79,-1,-1,-1,-1,0,-1,-1,-1,-1,-1,-1,-1,203,-1,206,-1,-1,-1,-1,-1,-1,-1,-1,-1,-1,101,-1,17,-1,111,-1,-1,-1,-1,14,39,-1,-1,-1,-1,-1,-1,-1,-1,-1],[-1,-1,-1,-1,179,-1,-1,-1,-1,-1,0,-1,-1,-1,-1,-1,-1,-1,-1,-1,133,168,-1,-1,5,-1,-1,28,-1,76,105,-1,-1,-1,-1,-1,7,-1,-1,-1,-1,-1,-1,-1,-1,-1,214,134,-1,-1],[160,-1,-1,-1,-1,-1,-1,-1,-1,-1,-1,0,-1,50,-1,158,114,-1,-1,-1,-1,-1,-1,-1,-1,-1,100,-1,67,-1,-1,-1,-1,-1,-1,151,-1,-1,-1,-1,-1,195,-1,-1,-1,-1,-1,-1,-1,-1],[-1,-1,-1,-1,-1,-1,-1,-1,-1,-1,-1,-1,0,-1,11,-1,-1,-1,162,-1,-1,-1,-1,243,-1,-1,-1,-1,-1,-1,-1,238,-1,-1,230,-1,34,218,-1,-1,-1,2,159,-1,173,-1,-1,192,211,-1],[-1,190,-1,-1,-1,-1,-1,-1,62,-1,-1,50,-1,0,-1,-1,-1,-1,-1,-1,1,-1,-1,-1,-1,-1,-1,-1,-1,-1,-1,-1,-1,12,-1,-1,-1,-1,71,156,244,-1,-1,-1,-1,-1,-1,-1,-1,-1],[-1,-1,-1,183,64,-1,84,-1,-1,-1,-1,-1,11,-1,0,-1,-1,-1,-1,-1,-1,-1,-1,-1,-1,-1,-1,-1,-1,-1,25,-1,-1,-1,-1,148,-1,220,-1,-1,-1,-1,-1,-1,-1,-1,-1,-1,-1,-1],[-1,-1,-1,224,-1,-1,-1,-1,-1,-1,-1,158,-1,-1,-1,0,-1,-1,-1,-1,149,-1,35,-1,171,-1,-1,-1,-1,-1,-1,21,-1,236,-1,-1,-1,-1,132,137,-1,-1,-1,-1,-1,-1,-1,-1,-1,-1],[-1,-1,-1,-1,-1,43,110,-1,234,-1,-1,114,-1,-1,-1,-1,0,-1,87,-1,-1,61,-1,189,-1,-1,-1,-1,222,-1,-1,-1,-1,-1,216,-1,-1,-1,-1,-1,107,-1,-1,-1,-1,-1,213,-1,-1,-1],[-1,-1,-1,-1,-1,41,-1,-1,-1,203,-1,-1,-1,-1,-1,-1,-1,0,-1,-1,-1,-1,-1,-1,-1,-1,118,-1,123,147,-1,8,-1,-1,-1,-1,-1,-1,-1,-1,120,201,-1,-1,29,-1,-1,-1,54,-1],[-1,88,-1,3,-1,-1,-1,-1,-1,-1,-1,-1,162,-1,-1,-1,87,-1,0,-1,142,-1,-1,-1,-1,-1,-1,-1,-1,-1,-1,-1,90,-1,-1,10,18,-1,-1,146,-1,140,-1,-1,-1,-1,-1,-1,-1,194],[239,-1,-1,-1,-1,-1,-1,-1,-1,206,-1,-1,-1,-1,-1,-1,-1,-1,-1,0,-1,184,-1,-1,-1,-1,104,-1,-1,-1,-1,-1,-1,-1,-1,63,-1,-1,-1,-1,92,89,-1,48,73,-1,70,-1,-1,4],[-1,-1,-1,-1,-1,44,225,-1,-1,-1,133,-1,-1,1,-1,149,-1,-1,142,-1,0,-1,-1,154,-1,-1,-1,-1,49,-1,-1,-1,31,93,-1,150,186,-1,-1,-1,-1,-1,-1,-1,-1,-1,-1,231,-1,-1],[-1,-1,-1,-1,-1,-1,-1,36,-1,-1,168,-1,-1,-1,-1,-1,61,-1,-1,184,-1,0,115,-1,-1,-1,-1,210,-1,-1,-1,135,-1,-1,-1,-1,9,-1,-1,131,-1,-1,103,-1,121,-1,-1,-1,-1,143],[-1,-1,-1,-1,181,-1,-1,113,-1,-1,-1,-1,-1,-1,-1,35,-1,-1,-1,-1,-1,115,0,91,-1,-1,-1,-1,-1,-1,69,-1,-1,-1,-1,237,-1,124,15,-1,-1,-1,219,-1,-1,-1,-1,-1,235,-1],[-1,176,-1,85,-1,-1,207,-1,-1,-1,-1,-1,243,-1,-1,-1,189,-1,-1,-1,154,-1,91,0,-1,72,191,-1,-1,-1,-1,-1,-1,-1,-1,-1,65,241,164,-1,-1,-1,-1,-1,-1,-1,-1,-1,-1,-1],[-1,55,-1,-1,-1,-1,-1,119,-1,-1,5,-1,-1,-1,-1,171,-1,-1,-1,-1,-1,-1,-1,-1,0,-1,-1,-1,-1,-1,37,-1,-1,-1,163,-1,199,116,-1,-1,-1,-1,-1,26,-1,-1,-1,-1,-1,-1],[-1,45,-1,-1,-1,-1,-1,-1,-1,-1,-1,-1,-1,-1,-1,-1,-1,-1,-1,-1,-1,-1,-1,72,-1,0,-1,-1,-1,-1,-1,229,-1,-1,-1,-1,-1,-1,-1,-1,-1,-1,-1,38,170,-1,-1,-1,226,221],[-1,-1,145,96,108,-1,-1,-1,-1,-1,-1,100,-1,-1,-1,-1,-1,118,-1,104,-1,-1,-1,191,-1,-1,0,-1,-1,-1,-1,57,-1,-1,-1,-1,-1,-1,-1,138,-1,-1,-1,-1,-1,-1,161,-1,-1,-1],[-1,82,-1,-1,-1,-1,-1,-1,122,-1,28,-1,-1,-1,-1,-1,-1,-1,-1,-1,-1,210,-1,-1,-1,-1,-1,0,-1,-1,-1,-1,-1,-1,-1,-1,-1,-1,-1,-1,-1,166,-1,-1,-1,-1,-1,-1,-1,-1],[-1,-1,-1,-1,-1,109,-1,-1,-1,-1,-1,67,-1,-1,-1,-1,222,123,-1,-1,49,-1,-1,-1,-1,-1,-1,-1,0,-1,-1,-1,-1,-1,-1,75,-1,98,-1,-1,-1,-1,-1,-1,-1,-1,-1,-1,-1,-1],[-1,197,83,-1,-1,-1,-1,-1,102,-1,76,-1,-1,-1,-1,-1,-1,147,-1,-1,-1,-1,-1,-1,-1,-1,-1,-1,-1,0,-1,-1,-1,-1,-1,-1,-1,86,177,-1,-1,187,66,182,-1,-1,-1,126,-1,209],[-1,94,-1,-1,-1,-1,-1,42,-1,101,105,-1,-1,-1,25,-1,-1,-1,-1,-1,-1,-1,69,-1,37,-1,-1,-1,-1,-1,0,-1,-1,-1,-1,-1,136,81,204,68,-1,-1,-1,-1,-1,-1,-1,-1,-1,-1],[-1,125,-1,-1,188,-1,240,-1,16,-1,-1,-1,238,-1,-1,21,-1,8,-1,-1,-1,135,-1,-1,-1,229,57,-1,-1,-1,-1,0,-1,-1,-1,-1,-1,78,-1,56,-1,-1,-1,-1,-1,59,-1,-1,112,-1],[-1,-1,-1,-1,-1,-1,-1,127,-1,17,-1,-1,-1,-1,-1,-1,-1,-1,90,-1,31,-1,-1,-1,-1,-1,-1,-1,-1,-1,-1,-1,0,157,-1,-1,-1,169,-1,-1,-1,-1,-1,-1,-1,-1,-1,-1,-1,-1],[-1,-1,-1,-1,-1,32,165,-1,-1,-1,-1,-1,-1,12,-1,236,-1,-1,-1,-1,93,-1,-1,-1,-1,-1,-1,-1,-1,-1,-1,-1,157,0,40,-1,-1,153,-1,-1,-1,-1,-1,-1,-1,-1,-1,-1,-1,-1],[215,-1,-1,-1,152,-1,-1,-1,-1,111,-1,-1,230,-1,-1,-1,216,-1,-1,-1,-1,-1,-1,-1,163,-1,-1,-1,-1,-1,-1,-1,-1,40,0,-1,208,-1,-1,178,46,-1,-1,-1,-1,-1,-1,-1,-1,-1],[-1,175,-1,-1,-1,-1,-1,-1,74,-1,-1,151,-1,-1,148,-1,-1,-1,10,63,150,-1,237,-1,-1,-1,-1,-1,75,-1,-1,-1,-1,-1,-1,0,-1,-1,-1,-1,-1,-1,-1,-1,141,-1,-1,51,-1,-1],[200,33,-1,-1,167,-1,-1,-1,-1,-1,7,-1,34,-1,-1,-1,-1,-1,18,-1,186,9,-1,65,199,-1,-1,-1,-1,-1,136,-1,-1,-1,208,-1,0,-1,97,-1,-1,-1,-1,-1,-1,-1,205,-1,-1,-1],[-1,77,-1,-1,-1,-1,6,139,58,-1,-1,-1,218,-1,220,-1,-1,-1,-1,-1,-1,-1,124,241,116,-1,-1,-1,98,86,81,78,169,153,-1,-1,-1,0,-1,-1,-1,-1,-1,-1,-1,-1,-1,-1,232,-1],[-1,80,-1,-1,24,-1,202,185,-1,-1,-1,-1,-1,71,-1,132,-1,-1,-1,-1,-1,-1,15,164,-1,-1,-1,-1,-1,177,204,-1,-1,-1,-1,-1,97,-1,0,155,-1,233,-1,198,-1,-1,-1,30,-1,-1],[-1,242,-1,-1,-1,-1,-1,-1,-1,14,-1,-1,-1,156,-1,137,-1,-1,146,-1,-1,131,-1,-1,-1,-1,138,-1,-1,-1,68,56,-1,-1,178,-1,-1,-1,155,0,-1,193,-1,-1,-1,-1,-1,-1,-1,-1],[-1,-1,-1,-1,-1,-1,47,95,-1,39,-1,-1,-1,244,-1,-1,107,120,-1,92,-1,-1,-1,-1,-1,-1,-1,-1,-1,-1,-1,-1,-1,-1,46,-1,-1,-1,-1,-1,0,-1,-1,53,-1,144,172,-1,-1,52],[-1,-1,23,-1,-1,-1,-1,-1,-1,-1,-1,195,2,-1,-1,-1,-1,201,140,89,-1,-1,-1,-1,-1,-1,-1,166,-1,187,-1,-1,-1,-1,-1,-1,-1,-1,233,193,-1,0,-1,-1,-1,-1,-1,-1,-1,-1],[-1,-1,-1,-1,-1,180,-1,-1,-1,-1,-1,-1,159,-1,-1,-1,-1,-1,-1,-1,-1,103,219,-1,-1,-1,-1,-1,-1,66,-1,-1,-1,-1,-1,-1,-1,-1,-1,-1,-1,-1,0,-1,-1,-1,-1,-1,-1,-1],[245,-1,-1,-1,-1,-1,-1,-1,-1,-1,-1,-1,-1,-1,-1,-1,-1,-1,-1,48,-1,-1,-1,-1,26,38,-1,-1,-1,182,-1,-1,-1,-1,-1,-1,-1,-1,198,-1,53,-1,-1,0,-1,106,-1,-1,-1,-1],[-1,-1,-1,13,-1,99,-1,-1,129,-1,-1,-1,173,-1,-1,-1,-1,29,-1,73,-1,121,-1,-1,-1,170,-1,-1,-1,-1,-1,-1,-1,-1,-1,141,-1,-1,-1,-1,-1,-1,-1,-1,0,-1,-1,27,-1,-1],[-1,128,-1,-1,-1,196,-1,-1,19,-1,-1,-1,-1,-1,-1,-1,-1,-1,-1,-1,-1,-1,-1,-1,-1,-1,-1,-1,-1,-1,-1,59,-1,-1,-1,-1,-1,-1,-1,-1,144,-1,-1,106,-1,0,-1,-1,-1,-1],[-1,-1,-1,-1,-1,-1,-1,20,-1,-1,214,-1,-1,-1,-1,-1,213,-1,-1,70,-1,-1,-1,-1,-1,-1,161,-1,-1,-1,-1,-1,-1,-1,-1,-1,205,-1,-1,-1,172,-1,-1,-1,-1,-1,0,-1,-1,-1],[-1,-1,227,-1,-1,-1,-1,-1,-1,-1,134,-1,192,-1,-1,-1,-1,-1,-1,-1,231,-1,-1,-1,-1,-1,-1,-1,-1,126,-1,-1,-1,-1,-1,51,-1,-1,30,-1,-1,-1,-1,-1,27,-1,-1,0,223,-1],[117,130,-1,-1,-1,-1,-1,-1,212,-1,-1,-1,211,-1,-1,-1,-1,54,-1,-1,-1,-1,235,-1,-1,226,-1,-1,-1,-1,-1,112,-1,-1,-1,-1,-1,232,-1,-1,-1,-1,-1,-1,-1,-1,-1,223,0,-1],[-1,-1,-1,-1,-1,-1,-1,-1,-1,-1,-1,-1,-1,-1,-1,-1,-1,-1,194,4,-1,143,-1,-1,-1,221,-1,-1,-1,209,-1,-1,-1,-1,-1,-1,-1,-1,-1,-1,52,-1,-1,-1,-1,-1,-1,-1,-1,0]]},{"NodeCount":50,"EdgeCount":490,"Graph":[[0,451,-1,-1,-1,470,8,-1,180,490,-1,-1,-1,113,-1,-1,368,-1,-1,-1,379,27,406,95,-1,296,-1,-1,-1,-1,-1,-1,92,-1,58,-1,-1,117,-1,-1,-1,108,-1,-1,-1,-1,192,-1,-1,-1],[451,0,-1,-1,297,-1,-1,169,-1,254,-1,-1,-1,-1,-1,-1,352,475,336,-1,-1,-1,448,249,194,-1,405,298,-1,102,60,443,-1,-1,-1,-1,-1,-1,-1,-1,-1,-1,-1,145,-1,343,256,195,-1,94],[-1,-1,0,-1,-1,44,-1,25,-1,-1,324,-1,-1,-1,-1,331,-1,-1,-1,321,-1,159,-1,-1,1,93,425,-1,231,-1,116,245,-1,-1,128,-1,-1,-1,335,280,-1,124,-1,-1,-1,110,403,-1,-1,-1],[-1,-1,-1,0,251,-1,-1,15,278,-1,-1,-1,-1,119,-1,-1,274,340,259,103,365,217,-1,-1,-1,79,174,-1,234,177,241,178,-1,-1,-1,164,-1,-1,-1,-1,-1,-1,-1,-1,-1,-1,-1,-1,258,327],[-1,297,-1,251,0,-1,-1,-1,-1,111,-1,483,-1,-1,382,394,-1,-1,-1,-1,-1,487,5,-1,63,16,167,-1,-1,112,-1,-1,213,380,-1,122,-1,-1,-1,247,-1,175,-1,-1,49,244,489,-1,14,-1],[470,-1,44,-1,-1,0,-1,-1,-1,101,-1,-1,-1,-1,310,-1,69,-1,-1,-1,-1,353,362,28,-1,-1,-1,-1,429,-1,-1,-1,-1,157,-1,371,81,-1,-1,-1,42,-1,39,-1,-1,-1,-1,21,-1,-1],[8,-1,-1,-1,-1,-1,0,-1,24,-1,304,202,430,-1,-1,284,307,-1,388,61,281,-1,-1,-1,-1,-1,-1,-1,229,-1,223,-1,-1,287,431,-1,-1,411,293,453,64,-1,201,-1,193,482,477,88,445,99],[-1,169,25,15,-1,-1,-1,0,75,-1,216,239,392,-1,-1,257,-1,-1,-1,-1,205,320,408,252,-1,-1,-1,-1,90,232,144,-1,-1,438,-1,285,-1,97,-1,242,-1,-1,-1,238,146,328,-1,386,420,-1],[180,-1,-1,278,-1,-1,24,75,0,-1,404,197,40,-1,473,-1,-1,182,-1,-1,-1,-1,-1,-1,-1,-1,-1,-1,74,342,3,-1,-1,341,-1,-1,-1,273,-1,135,481,138,104,442,-1,210,-1,-1,-1,-1],[490,254,-1,-1,111,101,-1,-1,-1,0,-1,452,9,367,-1,-1,-1,-1,306,-1,-1,143,-1,222,-1,-1,-1,-1,190,-1,-1,-1,468,212,-1,105,-1,-1,-1,-1,-1,-1,374,-1,-1,-1,-1,317,-1,-1],[-1,-1,324,-1,-1,-1,304,216,404,-1,0,413,57,-1,-1,447,-1,-1,-1,228,-1,-1,-1,269,-1,236,344,-1,312,-1,156,-1,240,-1,-1,410,-1,-1,338,206,-1,-1,-1,345,91,276,-1,295,-1,-1],[-1,-1,-1,-1,483,-1,202,239,197,452,413,0,-1,397,-1,48,-1,-1,-1,4,-1,-1,-1,461,458,132,264,-1,-1,-1,-1,-1,-1,-1,-1,381,-1,-1,-1,-1,82,-1,-1,-1,-1,435,160,56,-1,421],[-1,-1,-1,-1,-1,-1,430,392,40,9,57,-1,0,-1,-1,78,-1,-1,-1,-1,191,23,-1,-1,-1,-1,73,-1,176,184,311,407,-1,-1,305,-1,123,62,-1,-1,-1,77,71,-1,-1,-1,-1,-1,313,-1],[113,-1,-1,119,-1,-1,-1,-1,-1,367,-1,397,-1,0,-1,-1,-1,-1,-1,294,-1,207,-1,-1,-1,-1,-1,-1,446,377,-1,-1,366,300,-1,253,246,-1,464,467,121,422,-1,364,-1,152,-1,-1,-1,356],[-1,-1,-1,-1,382,310,-1,-1,473,-1,-1,-1,-1,-1,0,-1,-1,220,486,173,-1,-1,-1,-1,65,-1,476,-1,-1,400,-1,-1,272,-1,-1,414,-1,-1,10,-1,237,185,-1,-1,-1,-1,419,-1,389,199],[-1,-1,331,-1,394,-1,284,257,-1,-1,447,48,78,-1,-1,0,-1,-1,-1,120,-1,-1,188,-1,224,-1,165,-1,266,-1,346,325,204,11,-1,444,-1,226,233,-1,-1,-1,250,-1,-1,355,50,106,-1,-1],[368,352,-1,274,-1,69,307,-1,-1,-1,-1,-1,-1,-1,-1,-1,0,-1,-1,271,-1,-1,142,460,30,33,140,469,32,-1,-1,-1,286,-1,399,45,-1,-1,-1,-1,43,396,-1,-1,441,-1,427,87,-1,387],[-1,475,-1,340,-1,-1,-1,-1,182,-1,-1,-1,-1,-1,220,-1,-1,0,309,-1,-1,-1,302,171,-1,-1,-1,-1,-1,329,-1,432,-1,333,53,351,-1,-1,275,-1,107,268,134,36,361,126,183,-1,465,-1],[-1,336,-1,259,-1,-1,388,-1,-1,306,-1,-1,-1,-1,486,-1,-1,309,0,181,-1,208,-1,-1,-1,-1,-1,-1,-1,457,129,-1,2,395,211,-1,-1,385,-1,35,-1,-1,357,34,225,-1,-1,-1,-1,-1],[-1,-1,321,103,-1,-1,61,-1,-1,-1,228,4,-1,294,173,120,271,-1,181,0,417,-1,255,189,409,158,-1,-1,474,136,-1,-1,-1,-1,359,-1,127,-1,-1,-1,76,-1,-1,-1,-1,-1,84,-1,155,375],[379,-1,-1,365,-1,-1,281,205,-1,-1,-1,-1,191,-1,-1,-1,-1,-1,-1,417,0,-1,488,-1,-1,-1,-1,426,85,-1,-1,-1,384,147,-1,-1,-1,-1,-1,-1,-1,125,-1,83,-1,31,316,-1,-1,-1],[27,-1,159,217,487,353,-1,320,-1,143,-1,-1,23,207,-1,-1,-1,-1,208,-1,-1,0,-1,347,-1,179,-1,-1,-1,-1,-1,-1,-1,-1,-1,-1,-1,-1,-1,200,-1,418,472,67,433,478,-1,52,484,-1],[406,448,-1,-1,5,362,-1,408,-1,-1,-1,-1,-1,-1,-1,188,142,302,-1,255,488,-1,0,-1,466,235,-1,350,-1,-1,-1,-1,-1,115,-1,463,170,154,26,-1,-1,401,-1,-1,373,148,-1,-1,215,-1],[95,249,-1,-1,-1,28,-1,252,-1,222,269,461,-1,-1,-1,-1,460,171,-1,189,-1,347,-1,0,203,-1,-1,479,-1,-1,262,439,-1,-1,68,-1,334,-1,-1,-1,-1,-1,-1,-1,-1,-1,-1,221,-1,46],[-1,194,1,-1,63,-1,-1,-1,-1,-1,-1,458,-1,-1,65,224,30,-1,-1,409,-1,-1,466,203,0,-1,-1,-1,20,-1,-1,150,-1,-1,-1,-1,-1,-1,-1,-1,393,-1,391,263,-1,-1,-1,-1,-1,-1],[296,-1,93,79,16,-1,-1,-1,-1,-1,236,132,-1,-1,-1,-1,33,-1,-1,158,-1,179,235,-1,-1,0,-1,172,-1,-1,-1,-1,279,-1,416,-1,-1,163,-1,462,218,-1,66,-1,-1,267,299,-1,-1,-1],[-1,405,425,174,167,-1,-1,-1,-1,-1,344,264,73,-1,476,165,140,-1,-1,-1,-1,-1,-1,-1,-1,-1,0,-1,301,29,-1,166,-1,-1,-1,-1,-1,-1,38,-1,-1,-1,-1,423,55,137,41,54,-1,196],[-1,298,-1,-1,-1,-1,-1,-1,-1,-1,-1,-1,-1,-1,-1,-1,469,-1,-1,-1,426,-1,350,479,-1,172,-1,0,-1,-1,-1,288,7,-1,360,-1,290,283,437,230,-1,-1,412,-1,149,248,-1,424,-1,436],[-1,-1,231,234,-1,429,229,90,74,190,312,-1,176,446,-1,266,32,-1,-1,474,85,-1,-1,-1,20,-1,301,-1,0,354,-1,337,-1,-1,-1,-1,-1,51,319,133,292,-1,363,-1,-1,-1,-1,282,-1,-1],[-1,102,-1,177,112,-1,-1,232,342,-1,-1,-1,184,377,400,-1,-1,329,457,136,-1,-1,-1,-1,-1,-1,29,-1,354,0,-1,314,485,-1,-1,-1,59,-1,-1,308,-1,-1,-1,-1,-1,19,-1,-1,-1,-1],[-1,60,116,241,-1,-1,223,144,3,-1,156,-1,311,-1,-1,346,-1,-1,129,-1,-1,-1,-1,262,-1,-1,-1,-1,-1,-1,0,-1,-1,-1,-1,-1,-1,12,-1,-1,-1,-1,-1,-1,-1,-1,261,-1,277,-1],[-1,443,245,178,-1,-1,-1,-1,-1,-1,-1,-1,407,-1,-1,325,-1,432,-1,-1,-1,-1,-1,439,150,-1,166,288,337,314,-1,0,-1,114,454,349,72,162,-1,-1,291,-1,-1,-1,-1,-1,-1,-1,-1,-1],[92,-1,-1,-1,213,-1,-1,-1,-1,468,240,-1,-1,366,272,204,286,-1,2,-1,384,-1,-1,-1,-1,279,-1,7,-1,485,-1,-1,0,-1,-1,-1,-1,6,440,153,330,-1,-1,428,-1,219,322,332,-1,-1],[-1,-1,-1,-1,380,157,287,438,341,212,-1,-1,-1,300,-1,11,-1,333,395,-1,147,-1,115,-1,-1,-1,-1,-1,-1,-1,-1,114,-1,0,-1,186,139,-1,434,-1,-1,-1,96,109,243,289,303,-1,315,449],[58,-1,128,-1,-1,-1,431,-1,-1,-1,-1,-1,305,-1,-1,-1,399,53,211,359,-1,-1,-1,68,-1,416,-1,360,-1,-1,-1,454,-1,-1,0,-1,-1,-1,-1,402,-1,260,-1,-1,-1,-1,-1,187,-1,-1],[-1,-1,-1,164,122,371,-1,285,-1,105,410,381,-1,253,414,444,45,351,-1,-1,-1,-1,463,-1,-1,-1,-1,-1,-1,-1,-1,349,-1,186,-1,0,-1,-1,398,-1,-1,-1,415,-1,-1,-1,326,130,22,372],[-1,-1,-1,-1,-1,81,-1,-1,-1,-1,-1,-1,123,246,-1,-1,-1,-1,-1,127,-1,-1,170,334,-1,-1,-1,290,-1,59,-1,72,-1,139,-1,-1,0,89,-1,383,-1,348,323,13,-1,-1,-1,-1,370,-1],[117,-1,-1,-1,-1,-1,411,97,273,-1,-1,-1,62,-1,-1,226,-1,-1,385,-1,-1,-1,154,-1,-1,163,-1,283,51,-1,12,162,6,-1,-1,-1,89,0,-1,-1,-1,-1,-1,265,98,-1,-1,-1,-1,-1],[-1,-1,335,-1,-1,-1,293,-1,-1,-1,338,-1,-1,464,10,233,-1,275,-1,-1,-1,-1,26,-1,-1,-1,38,437,319,-1,-1,-1,440,434,-1,398,-1,-1,0,-1,227,-1,-1,-1,209,-1,141,471,100,168],[-1,-1,280,-1,247,-1,453,242,135,-1,206,-1,-1,467,-1,-1,-1,-1,35,-1,-1,200,-1,-1,-1,462,-1,230,133,308,-1,-1,153,-1,402,-1,383,-1,-1,0,131,-1,-1,-1,118,480,47,-1,456,378],[-1,-1,-1,-1,-1,42,64,-1,481,-1,-1,82,-1,121,237,-1,43,107,-1,76,-1,-1,-1,-1,393,218,-1,-1,292,-1,-1,291,330,-1,-1,-1,-1,-1,227,131,0,37,80,-1,358,161,-1,-1,450,369],[108,-1,124,-1,175,-1,-1,-1,138,-1,-1,-1,77,422,185,-1,396,268,-1,-1,125,418,401,-1,-1,-1,-1,-1,-1,-1,-1,-1,-1,-1,260,-1,348,-1,-1,-1,37,0,-1,-1,-1,270,-1,151,-1,-1],[-1,-1,-1,-1,-1,39,201,-1,104,374,-1,-1,71,-1,-1,250,-1,134,357,-1,-1,472,-1,-1,391,66,-1,412,363,-1,-1,-1,-1,96,-1,415,323,-1,-1,-1,80,-1,0,-1,-1,-1,376,86,-1,390],[-1,145,-1,-1,-1,-1,-1,238,442,-1,345,-1,-1,364,-1,-1,-1,36,34,-1,83,67,-1,-1,263,-1,423,-1,-1,-1,-1,-1,428,109,-1,-1,13,265,-1,-1,-1,-1,-1,0,-1,-1,459,18,318,-1],[-1,-1,-1,-1,49,-1,193,146,-1,-1,91,-1,-1,-1,-1,-1,441,361,225,-1,-1,433,373,-1,-1,-1,55,149,-1,-1,-1,-1,-1,243,-1,-1,-1,98,209,118,358,-1,-1,-1,0,339,-1,214,-1,-1],[-1,343,110,-1,244,-1,482,328,210,-1,276,435,-1,152,-1,355,-1,126,-1,-1,31,478,148,-1,-1,267,137,248,-1,19,-1,-1,219,289,-1,-1,-1,-1,-1,480,161,270,-1,-1,339,0,-1,-1,17,455],[192,256,403,-1,489,-1,477,-1,-1,-1,-1,160,-1,-1,419,50,427,183,-1,84,316,-1,-1,-1,-1,299,41,-1,-1,-1,261,-1,322,303,-1,326,-1,-1,141,47,-1,-1,376,459,-1,-1,0,-1,70,198],[-1,195,-1,-1,-1,21,88,386,-1,317,295,56,-1,-1,-1,106,87,-1,-1,-1,-1,52,-1,221,-1,-1,54,424,282,-1,-1,-1,332,-1,187,130,-1,-1,471,-1,-1,151,86,18,214,-1,-1,0,-1,-1],[-1,-1,-1,258,14,-1,445,420,-1,-1,-1,-1,313,-1,389,-1,-1,465,-1,155,-1,484,215,-1,-1,-1,-1,-1,-1,-1,277,-1,-1,315,-1,22,370,-1,100,456,450,-1,-1,318,-1,17,70,-1,0,-1],[-1,94,-1,327,-1,-1,99,-1,-1,-1,-1,421,-1,356,199,-1,387,-1,-1,375,-1,-1,-1,46,-1,-1,196,436,-1,-1,-1,-1,-1,449,-1,372,-1,-1,168,378,369,-1,390,-1,-1,455,198,-1,-1,0]]},{"NodeCount":50,"EdgeCount":735,"Graph":[[0,446,122,445,587,-1,111,161,-1,526,223,241,-1,-1,299,-1,452,475,617,576,-1,-1,33,511,-1,274,482,349,-1,184,-1,720,491,-1,554,701,-1,213,636,311,406,147,-1,7,150,-1,257,334,442,404],[446,0,137,-1,46,398,424,603,201,236,242,-1,-1,141,61,604,-1,-1,98,-1,585,-1,541,722,-1,319,-1,644,-1,-1,598,270,698,-1,546,-1,589,126,-1,-1,-1,-1,614,-1,117,-1,78,66,-1,-1],[122,137,0,166,243,509,-1,493,-1,159,469,8,-1,713,653,-1,103,268,19,560,-1,-1,-1,-1,286,155,-1,-1,22,593,-1,459,-1,578,-1,570,94,254,-1,-1,444,718,665,17,-1,85,101,703,-1,-1],[445,-1,166,0,-1,289,-1,-1,-1,-1,402,468,56,-1,486,148,523,251,-1,-1,-1,632,240,-1,-1,-1,169,708,-1,-1,-1,-1,178,673,502,294,-1,-1,172,-1,139,-1,-1,489,216,224,-1,-1,324,480],[587,46,243,-1,0,525,707,499,-1,-1,-1,-1,-1,-1,-1,466,-1,661,-1,451,531,-1,296,12,208,692,-1,70,138,-1,-1,18,-1,189,190,225,339,616,156,269,-1,670,381,384,305,-1,37,80,438,668],[-1,398,509,289,525,0,-1,290,582,612,490,726,-1,217,-1,350,-1,-1,624,277,441,149,731,685,-1,-1,-1,-1,-1,-1,51,-1,-1,57,-1,-1,-1,572,353,-1,-1,-1,300,-1,199,63,-1,687,107,-1],[111,424,-1,-1,707,-1,0,-1,591,-1,25,-1,165,-1,346,336,519,477,-1,372,-1,67,496,-1,-1,293,361,-1,693,-1,650,-1,-1,518,-1,-1,209,-1,427,-1,455,-1,686,379,-1,232,-1,-1,-1,-1],[161,603,493,-1,499,290,-1,0,-1,328,-1,-1,628,418,129,724,671,419,87,657,472,-1,364,-1,173,-1,-1,-1,76,-1,-1,-1,408,13,373,204,244,-1,-1,654,-1,535,-1,-1,594,-1,584,-1,-1,11],[-1,201,-1,-1,-1,582,591,-1,0,-1,312,681,-1,6,-1,656,515,-1,-1,-1,-1,358,-1,729,52,116,659,717,-1,-1,447,181,675,-1,279,-1,463,-1,505,-1,-1,-1,247,562,-1,497,-1,109,642,-1],[526,236,159,-1,-1,612,-1,328,-1,0,392,-1,394,556,207,99,214,691,366,157,365,142,348,514,110,162,-1,538,42,2,423,-1,498,530,648,380,476,721,163,-1,3,429,360,24,89,-1,516,325,359,-1],[223,242,469,402,-1,490,25,-1,312,392,0,-1,-1,-1,428,634,333,435,69,322,688,-1,-1,-1,503,-1,712,-1,351,112,611,196,-1,260,65,478,96,192,-1,-1,-1,283,121,555,-1,276,261,20,16,529],[241,-1,8,468,-1,726,-1,-1,681,-1,-1,0,649,362,-1,316,440,615,167,153,389,-1,630,249,-1,-1,263,-1,695,71,725,434,401,-1,-1,-1,77,-1,193,-1,592,683,432,158,374,-1,-1,437,735,104],[-1,-1,-1,56,-1,-1,165,628,-1,394,-1,649,0,460,160,728,62,595,329,-1,610,-1,651,106,45,386,390,425,-1,200,-1,174,605,506,-1,-1,-1,577,9,-1,133,706,323,-1,569,488,641,403,132,15],[-1,141,713,-1,-1,217,-1,418,6,556,-1,362,460,0,-1,-1,674,-1,575,-1,310,705,340,-1,-1,-1,262,368,143,646,-1,235,-1,537,710,-1,-1,298,-1,-1,40,371,275,218,146,219,414,583,-1,-1],[299,61,653,486,-1,-1,346,129,-1,207,428,-1,160,-1,0,49,542,-1,-1,485,332,79,-1,28,633,504,-1,-1,547,102,26,136,-1,-1,694,-1,-1,238,-1,388,-1,-1,-1,-1,341,-1,-1,574,-1,-1],[-1,604,-1,148,466,350,336,724,656,99,634,316,728,-1,49,0,631,55,-1,-1,565,680,663,313,704,405,-1,-1,647,450,652,-1,-1,-1,43,363,342,-1,-1,205,187,-1,473,426,140,281,230,48,-1,484],[452,-1,103,523,-1,-1,519,671,515,214,333,440,62,674,542,631,0,-1,730,53,716,436,288,532,-1,280,10,-1,-1,550,-1,-1,-1,579,210,590,-1,420,186,327,619,-1,581,586,164,343,-1,620,250,-1],[475,-1,268,251,661,-1,477,419,-1,691,435,615,595,-1,-1,55,-1,0,553,198,-1,-1,-1,-1,-1,-1,-1,227,-1,487,-1,563,662,234,273,337,356,534,658,264,152,-1,331,-1,-1,-1,-1,92,271,-1],[617,98,19,-1,-1,624,-1,87,-1,366,69,167,329,575,-1,-1,730,553,0,-1,-1,212,521,448,421,-1,255,613,128,-1,552,494,180,-1,-1,-1,36,660,623,-1,97,119,395,245,501,413,-1,272,-1,292],[576,-1,560,-1,451,277,372,657,-1,157,322,153,-1,-1,485,-1,53,198,-1,0,248,108,304,295,508,-1,176,481,-1,120,-1,-1,564,267,64,-1,-1,640,-1,-1,278,185,72,-1,-1,-1,-1,-1,130,90],[-1,585,-1,-1,531,441,-1,472,-1,365,688,389,610,310,332,565,716,-1,-1,248,0,-1,-1,669,-1,-1,-1,-1,194,306,34,-1,-1,-1,231,449,375,-1,520,524,-1,559,75,-1,-1,222,188,453,-1,-1],[-1,-1,-1,632,-1,149,67,-1,358,142,-1,-1,-1,705,79,680,436,-1,212,108,-1,0,495,410,-1,-1,-1,422,-1,462,-1,-1,-1,-1,-1,21,183,-1,81,91,206,229,309,500,549,-1,618,-1,95,14],[33,541,-1,240,296,731,496,364,-1,348,-1,630,651,340,-1,663,288,-1,521,304,-1,495,0,-1,125,609,-1,-1,-1,-1,370,-1,416,314,470,-1,-1,177,-1,411,265,682,-1,412,-1,-1,465,115,571,-1],[511,722,-1,-1,12,685,-1,-1,729,514,-1,249,106,-1,28,313,532,-1,448,295,669,410,-1,0,93,544,-1,417,252,557,-1,284,-1,533,513,-1,-1,303,335,733,-1,-1,-1,-1,282,-1,431,191,1,566],[-1,-1,286,-1,208,-1,-1,173,52,110,503,-1,45,-1,633,704,-1,-1,421,508,-1,-1,125,93,0,-1,-1,-1,-1,-1,679,113,-1,626,-1,443,297,-1,677,-1,-1,352,127,345,558,-1,-1,-1,83,-1],[274,319,155,-1,692,-1,293,-1,116,162,-1,-1,386,-1,504,405,280,-1,-1,-1,-1,-1,609,544,-1,0,629,-1,100,347,-1,-1,-1,38,-1,697,601,-1,433,409,228,-1,-1,32,151,-1,291,-1,31,39],[482,-1,-1,169,-1,-1,361,-1,659,-1,712,263,390,262,-1,-1,10,-1,255,176,-1,-1,-1,-1,-1,629,0,-1,689,-1,367,-1,456,664,-1,44,171,719,-1,74,-1,84,387,397,-1,-1,625,175,607,512],[349,644,-1,708,70,-1,-1,-1,717,538,-1,-1,425,368,-1,-1,-1,227,613,481,-1,422,-1,417,-1,-1,-1,0,-1,258,568,123,41,471,606,-1,543,548,382,376,608,-1,393,308,-1,655,-1,539,-1,-1],[-1,-1,22,-1,138,-1,693,76,-1,42,351,695,-1,143,547,647,-1,-1,128,-1,194,-1,-1,252,-1,100,689,-1,0,467,124,-1,637,700,715,-1,-1,-1,-1,-1,536,246,318,-1,-1,-1,54,-1,29,676],[184,-1,593,-1,-1,-1,-1,-1,-1,2,112,71,200,646,102,450,550,487,-1,120,306,462,-1,557,-1,347,-1,258,467,0,-1,118,60,195,396,226,643,47,666,-1,-1,-1,-1,-1,635,464,355,-1,-1,58],[-1,598,-1,-1,-1,51,650,-1,447,423,611,725,-1,-1,26,652,-1,-1,552,-1,34,-1,370,-1,679,-1,367,568,124,-1,0,-1,580,-1,378,-1,383,457,597,699,233,399,391,-1,88,-1,-1,-1,202,315],[720,270,459,-1,18,-1,-1,-1,181,-1,196,434,174,235,136,-1,-1,563,494,-1,-1,-1,-1,284,113,-1,-1,123,-1,118,-1,0,-1,-1,-1,-1,545,-1,672,23,-1,30,-1,439,573,-1,4,-1,561,344],[491,698,-1,178,-1,-1,-1,408,675,498,-1,401,605,-1,-1,-1,-1,662,180,564,-1,-1,416,-1,-1,-1,456,41,637,60,580,-1,0,377,-1,237,645,510,86,369,27,68,-1,-1,-1,492,253,727,-1,-1],[-1,-1,578,673,189,57,518,13,-1,530,260,-1,506,537,-1,-1,579,234,-1,267,-1,-1,314,533,626,38,664,471,700,195,-1,-1,377,0,-1,639,696,307,528,131,-1,168,-1,723,266,317,321,527,690,596],[554,546,-1,502,190,-1,-1,373,279,648,65,-1,-1,710,694,43,210,273,-1,64,231,-1,470,513,-1,-1,-1,606,715,396,378,-1,-1,-1,0,338,144,-1,-1,458,-1,600,-1,114,-1,5,638,734,-1,259],[701,-1,570,294,225,-1,-1,204,-1,380,478,-1,-1,-1,-1,363,590,337,-1,-1,449,21,-1,-1,443,697,44,-1,-1,226,-1,-1,237,639,338,0,211,-1,-1,326,430,182,599,-1,239,-1,-1,302,-1,197],[-1,589,94,-1,339,-1,209,244,463,476,96,77,-1,-1,-1,342,-1,356,36,-1,375,183,-1,-1,297,601,171,543,-1,643,383,545,645,696,144,211,0,-1,-1,-1,145,702,483,-1,221,357,588,540,203,461],[213,126,254,-1,616,572,-1,-1,-1,721,192,-1,577,298,238,-1,420,534,660,640,-1,-1,177,303,-1,-1,719,548,-1,47,457,-1,510,307,-1,-1,-1,0,135,50,-1,-1,-1,59,-1,-1,-1,-1,-1,385],[636,-1,-1,172,156,353,427,-1,505,163,-1,193,9,-1,-1,-1,186,658,623,-1,520,81,-1,335,677,433,-1,382,-1,666,597,672,86,528,-1,-1,-1,135,0,415,-1,73,105,-1,709,714,400,517,-1,-1],[311,-1,-1,-1,269,-1,-1,654,-1,-1,-1,-1,-1,-1,388,205,327,264,-1,-1,524,91,411,733,-1,409,74,376,-1,-1,699,23,369,131,458,326,-1,50,415,0,134,354,-1,711,479,-1,602,621,285,-1],[406,-1,444,139,-1,-1,455,-1,-1,3,-1,592,133,40,-1,187,619,152,97,278,-1,206,265,-1,-1,228,-1,608,536,-1,233,-1,27,-1,-1,430,145,-1,-1,134,0,407,-1,-1,-1,567,667,-1,-1,-1],[147,-1,718,-1,670,-1,-1,535,-1,429,283,683,706,371,-1,-1,-1,-1,119,185,559,229,682,-1,352,-1,84,-1,246,-1,399,30,68,168,600,182,702,-1,73,354,407,0,-1,684,301,-1,551,82,507,-1],[-1,614,665,-1,381,300,686,-1,247,360,121,432,323,275,-1,473,581,331,395,72,75,309,-1,-1,127,-1,387,393,318,-1,391,-1,-1,-1,-1,599,483,-1,105,-1,-1,-1,0,-1,474,330,-1,-1,170,154],[7,-1,17,489,384,-1,379,-1,562,24,555,158,-1,218,-1,426,586,-1,245,-1,-1,500,412,-1,345,32,397,308,-1,-1,-1,439,-1,723,114,-1,-1,59,-1,711,-1,684,-1,0,215,320,35,732,220,-1],[150,117,-1,216,305,199,-1,594,-1,89,-1,374,569,146,341,140,164,-1,501,-1,-1,549,-1,282,558,151,-1,-1,-1,635,88,573,-1,266,-1,239,221,-1,709,479,-1,301,474,215,0,522,287,256,-1,-1],[-1,-1,85,224,-1,63,232,-1,497,-1,276,-1,488,219,-1,281,343,-1,413,-1,222,-1,-1,-1,-1,-1,-1,655,-1,464,-1,-1,492,317,5,-1,357,-1,714,-1,567,-1,330,320,522,0,-1,-1,-1,-1],[257,78,101,-1,37,-1,-1,584,-1,516,261,-1,641,414,-1,230,-1,-1,-1,-1,188,618,465,431,-1,291,625,-1,54,355,-1,4,253,321,638,-1,588,-1,400,602,667,551,-1,35,287,-1,0,454,622,678],[334,66,703,-1,80,687,-1,-1,109,325,20,437,403,583,574,48,620,92,272,-1,453,-1,115,191,-1,-1,175,539,-1,-1,-1,-1,727,527,734,302,540,-1,517,621,-1,82,-1,732,256,-1,454,0,627,-1],[442,-1,-1,324,438,107,-1,-1,642,359,16,735,132,-1,-1,-1,250,271,-1,130,-1,95,571,1,83,31,607,-1,29,-1,202,561,-1,690,-1,-1,203,-1,-1,285,-1,507,170,220,-1,-1,622,627,0,179],[404,-1,-1,480,668,-1,-1,11,-1,-1,529,104,15,-1,-1,484,-1,-1,292,90,-1,14,-1,566,-1,39,512,-1,676,58,315,344,-1,596,259,197,461,385,-1,-1,-1,-1,154,-1,-1,-1,678,-1,179,0]]},{"NodeCount":50,"EdgeCount":980,"Graph":[[0,737,-1,575,6,431,266,509,840,-1,540,444,678,38,854,-1,947,390,851,974,64,976,-1,106,251,954,796,757,-1,855,902,559,364,46,315,417,285,388,748,-1,971,29,-1,508,910,498,257,296,688,824],[737,0,818,791,350,944,406,528,77,563,612,876,701,784,456,807,-1,275,835,713,533,208,686,820,415,913,348,87,-1,342,1,136,159,395,624,267,893,-1,238,153,400,-1,216,601,164,-1,404,904,-1,619],[-1,818,0,892,789,668,248,821,-1,962,-1,115,-1,366,-1,179,481,482,376,196,839,346,909,-1,365,864,-1,473,-1,628,-1,920,-1,12,886,967,223,-1,335,341,286,475,903,738,324,453,870,351,553,-1],[575,791,892,0,859,92,430,147,173,617,427,26,-1,881,677,369,79,741,448,949,-1,385,-1,772,943,294,898,605,331,215,-1,156,186,960,449,239,502,634,-1,254,521,836,231,547,174,-1,206,883,869,-1],[6,350,789,859,0,-1,675,-1,776,53,622,-1,-1,845,970,-1,-1,568,389,927,-1,-1,853,-1,71,715,323,735,-1,565,-1,154,830,802,272,133,247,-1,848,644,59,280,-1,19,935,589,516,56,785,814],[431,944,668,92,-1,0,580,408,403,244,908,586,884,368,101,-1,-1,399,-1,963,657,756,345,397,8,867,492,471,317,-1,916,105,743,57,191,523,560,462,573,687,541,-1,-1,763,360,349,740,114,371,337],[266,406,248,430,675,580,0,959,234,775,925,469,777,555,534,597,549,391,506,39,-1,-1,414,-1,702,522,-1,871,-1,872,304,-1,571,564,455,676,787,452,758,386,921,544,439,-1,512,739,-1,262,74,844],[509,528,821,147,-1,408,959,0,437,728,16,237,724,41,419,245,10,261,-1,142,355,2,217,-1,198,878,158,-1,-1,483,157,942,134,-1,968,887,-1,229,183,34,327,413,827,297,88,501,343,-1,638,-1],[840,77,-1,173,776,403,234,437,0,181,761,899,800,464,393,478,610,-1,447,265,783,939,795,264,548,30,819,372,717,137,562,980,689,880,926,680,511,691,-1,608,907,167,249,768,37,636,243,764,517,-1],[-1,563,962,617,53,244,775,728,181,0,557,642,310,695,138,-1,61,879,-1,479,648,832,201,-1,25,696,731,129,766,856,937,477,647,810,-1,699,-1,214,116,574,-1,443,91,806,241,195,7,361,363,804],[540,612,-1,427,622,908,925,16,761,557,0,90,382,746,160,-1,-1,83,146,760,151,168,270,321,711,924,809,287,127,320,44,-1,900,135,875,603,744,681,69,466,401,753,729,330,-1,585,340,72,545,336],[444,876,115,26,-1,586,469,237,899,642,90,0,161,353,-1,747,933,200,863,662,951,-1,219,125,660,-1,47,663,236,723,-1,255,838,572,-1,-1,409,822,354,530,-1,454,-1,-1,519,679,958,-1,55,-1],[678,701,-1,-1,-1,884,777,724,800,310,382,161,0,224,472,-1,-1,779,-1,11,-1,9,-1,-1,-1,-1,28,122,515,474,291,952,539,543,429,185,-1,319,253,27,497,730,600,252,-1,614,499,42,302,655],[38,784,366,881,845,368,555,41,464,695,746,353,224,0,815,771,387,896,-1,667,692,670,-1,459,67,641,405,263,97,-1,672,-1,576,-1,-1,-1,381,-1,98,674,790,778,222,-1,918,-1,718,891,-1,940],[854,456,-1,677,970,101,534,419,393,138,160,-1,472,815,0,979,643,211,755,569,50,618,770,606,-1,-1,32,177,561,182,213,485,288,422,204,767,118,148,283,394,313,128,577,527,356,379,149,-1,347,931],[-1,807,179,369,-1,-1,597,245,478,-1,-1,747,-1,771,979,0,721,895,246,152,278,170,-1,440,742,163,33,227,792,290,-1,567,58,-1,-1,40,17,463,89,144,380,113,-1,645,957,504,383,486,-1,-1],[947,-1,481,79,-1,-1,549,10,610,61,-1,933,-1,387,643,721,0,626,111,126,276,-1,-1,180,841,496,-1,357,269,-1,-1,531,964,31,708,919,446,-1,-1,826,-1,665,956,490,20,423,48,-1,936,579],[390,275,482,741,568,399,391,261,-1,879,83,200,779,896,211,895,626,0,326,143,503,-1,850,309,813,300,-1,162,491,-1,359,81,377,-1,745,831,117,-1,292,-1,733,905,901,-1,202,362,828,190,220,911],[851,835,376,448,389,-1,506,-1,447,-1,146,863,-1,-1,755,246,111,326,0,-1,375,-1,615,651,132,68,468,218,885,570,171,671,332,582,259,465,732,934,596,754,273,834,438,308,344,518,-1,24,282,-1],[974,713,196,949,927,963,39,142,265,479,760,662,11,667,569,152,126,143,-1,0,76,130,373,633,-1,451,-1,965,-1,488,412,445,-1,112,94,65,639,637,803,693,650,421,392,-1,232,14,-1,-1,554,-1],[64,533,839,-1,-1,657,-1,355,783,648,151,951,-1,692,50,278,276,503,375,76,0,-1,96,682,-1,370,75,734,-1,396,719,635,-1,299,-1,467,334,961,-1,581,62,428,303,-1,714,705,751,225,85,781],[976,208,346,385,-1,756,-1,2,939,832,168,-1,9,670,618,170,-1,-1,-1,130,-1,0,774,-1,966,333,329,-1,736,-1,914,307,279,977,923,-1,352,938,873,476,750,197,-1,318,811,858,210,780,817,805],[-1,686,909,-1,853,345,414,217,795,201,270,219,-1,-1,770,-1,-1,850,615,373,96,774,0,978,-1,877,268,-1,684,-1,700,15,221,616,710,316,773,929,928,706,22,484,930,314,-1,-1,328,698,-1,176],[106,820,-1,772,-1,397,-1,-1,264,-1,321,125,-1,459,606,440,180,309,651,633,682,-1,978,0,367,480,552,120,865,226,969,100,588,847,833,-1,121,5,418,-1,374,-1,18,199,912,13,653,411,-1,652],[251,415,365,943,71,8,702,198,548,25,711,660,-1,67,-1,742,841,813,132,-1,-1,966,-1,367,0,-1,-1,950,66,727,45,973,590,-1,697,546,460,-1,301,620,-1,-1,-1,786,514,558,441,43,203,-1],[954,913,864,294,715,867,522,878,30,696,924,-1,-1,641,-1,163,496,300,68,451,370,333,877,480,-1,0,-1,250,-1,193,941,-1,-1,673,-1,-1,798,194,169,-1,260,627,-1,339,470,298,155,166,141,172],[796,348,-1,898,323,492,-1,158,819,731,809,47,28,405,32,33,-1,-1,468,-1,75,329,268,552,-1,-1,0,-1,-1,752,631,578,654,542,426,661,894,915,526,21,209,295,187,-1,720,271,493,-1,424,-1],[757,87,473,605,735,471,871,-1,372,129,287,663,122,263,177,227,357,162,218,965,734,-1,-1,120,950,250,-1,0,228,868,384,256,-1,123,-1,378,801,-1,587,889,890,325,-1,659,-1,-1,398,860,566,-1],[-1,-1,-1,331,-1,317,-1,-1,717,766,127,236,515,97,561,792,269,491,885,-1,-1,736,684,865,66,-1,-1,228,0,442,788,629,107,70,140,-1,-1,435,694,312,525,457,305,-1,551,-1,86,-1,538,461],[855,342,628,215,565,-1,872,483,137,856,320,723,474,-1,182,290,-1,-1,570,488,396,-1,-1,226,727,193,752,868,442,0,3,-1,-1,-1,922,277,189,975,594,690,595,630,-1,882,119,-1,825,-1,-1,591],[902,1,-1,-1,-1,916,304,157,562,937,44,-1,291,672,213,-1,-1,359,171,412,719,914,700,969,45,941,631,384,788,3,0,433,520,425,765,-1,842,-1,207,707,607,945,529,609,866,598,258,104,-1,78],[559,136,920,156,154,105,-1,942,980,477,-1,255,952,-1,485,567,531,81,671,445,635,307,15,100,973,-1,578,256,629,-1,433,0,646,-1,-1,716,434,812,184,837,-1,230,23,35,799,212,-1,704,625,-1],[364,159,-1,186,830,743,571,134,689,647,900,838,539,576,288,58,964,377,332,-1,-1,279,221,588,590,-1,654,-1,107,-1,520,646,0,623,656,797,432,762,794,-1,500,829,4,338,-1,604,494,95,-1,-1],[46,395,12,960,802,57,564,-1,880,810,135,572,543,-1,422,-1,31,-1,582,112,299,977,616,847,-1,673,542,123,70,-1,425,-1,623,0,242,510,410,84,-1,450,846,495,874,524,709,-1,49,536,80,240],[315,624,886,449,272,191,455,968,926,-1,875,-1,429,-1,204,-1,708,745,259,94,-1,923,710,833,697,-1,426,-1,140,922,765,-1,656,242,0,-1,60,82,888,-1,946,843,402,808,416,513,972,205,-1,507],[417,267,967,239,133,523,676,887,680,699,603,-1,185,-1,767,40,919,831,465,65,467,-1,316,-1,546,-1,661,378,-1,277,-1,716,797,510,-1,0,178,712,99,632,953,-1,51,-1,284,852,145,-1,861,592],[285,893,223,502,247,560,787,-1,511,-1,744,409,-1,381,118,17,446,117,732,639,334,352,773,121,460,798,894,801,-1,189,842,434,432,410,60,178,0,52,103,281,658,602,131,683,-1,556,-1,666,759,150],[388,-1,-1,634,-1,462,452,229,691,214,681,822,319,-1,148,463,-1,-1,934,637,961,938,929,5,-1,194,915,-1,435,975,-1,812,762,84,82,712,52,0,726,358,458,906,93,948,235,322,-1,584,-1,407],[748,238,335,-1,848,573,758,183,-1,116,69,354,253,98,283,89,-1,292,596,803,-1,873,928,418,301,169,526,587,694,594,207,184,794,-1,888,99,103,726,0,-1,599,782,611,-1,110,436,669,749,621,769],[-1,153,341,254,644,687,386,34,608,574,466,530,27,674,394,144,826,-1,754,693,581,476,706,-1,620,-1,21,889,312,690,707,837,-1,450,-1,632,281,358,-1,0,725,-1,124,188,640,311,857,664,-1,955],[971,400,286,521,59,541,921,327,907,-1,401,-1,497,790,313,380,-1,733,273,650,62,750,22,374,-1,260,209,890,525,595,607,-1,500,846,946,953,658,458,599,725,0,505,-1,703,-1,535,109,932,-1,537],[29,-1,475,836,280,-1,544,413,167,443,753,454,730,778,128,113,665,905,834,421,428,197,484,-1,-1,627,295,325,457,630,945,230,829,495,843,-1,602,906,782,-1,505,0,233,54,823,-1,102,487,897,420],[-1,216,903,231,-1,-1,439,827,249,91,729,-1,600,222,577,-1,956,901,438,392,303,-1,930,18,-1,-1,187,-1,305,-1,529,23,4,874,402,51,131,93,611,124,-1,233,0,139,583,862,649,108,849,593],[508,601,738,547,19,763,-1,297,768,806,330,-1,252,-1,527,645,490,-1,308,-1,-1,318,314,199,786,339,-1,659,-1,882,609,35,338,524,808,-1,683,948,-1,188,703,54,139,0,306,274,489,550,816,793],[910,164,324,174,935,360,512,88,37,241,-1,519,-1,918,356,957,20,202,344,232,714,811,-1,912,514,470,720,-1,551,119,866,799,-1,709,416,284,-1,235,110,640,-1,823,583,306,0,36,63,685,73,917],[498,-1,453,-1,589,349,739,501,636,195,585,679,614,-1,379,504,423,362,518,14,705,858,-1,13,558,298,271,-1,-1,-1,598,212,604,-1,513,852,556,322,436,311,535,-1,862,274,36,0,-1,192,532,165],[257,404,870,206,516,740,-1,343,243,7,340,958,499,718,149,383,48,828,-1,-1,751,210,328,653,441,155,493,398,86,825,258,-1,494,49,972,145,-1,-1,669,857,109,102,649,489,63,-1,0,293,722,175],[296,904,351,883,56,114,262,-1,764,361,72,-1,42,891,-1,486,-1,190,24,-1,225,780,698,411,43,166,-1,860,-1,-1,104,704,95,536,205,-1,666,584,749,664,932,487,108,550,685,192,293,0,289,613],[688,-1,553,869,785,371,74,638,517,363,545,55,302,-1,347,-1,936,220,282,554,85,817,-1,-1,203,141,424,566,538,-1,-1,625,-1,80,-1,861,759,-1,621,-1,-1,897,849,816,73,532,722,289,0,-1],[824,619,-1,-1,814,337,844,-1,-1,804,336,-1,655,940,931,-1,579,911,-1,-1,781,805,176,652,-1,172,-1,-1,461,591,78,-1,-1,240,507,592,150,407,769,955,537,420,593,793,917,165,175,613,-1,0]]},{"NodeCount":50,"EdgeCount":1225,"Graph":[[0,948,994,805,658,574,547,1052,393,1176,276,914,1031,495,125,763,153,654,1035,221,843,339,251,1167,318,90,603,952,242,408,1082,211,301,428,1014,78,457,963,743,34,309,1071,226,907,380,72,1104,159,685,533],[948,0,770,29,662,491,677,876,1168,975,1120,767,970,377,102,1054,296,218,669,199,187,1039,865,635,595,554,1177,42,1086,607,923,1217,16,387,158,321,1027,978,1048,624,879,142,117,980,778,972,4,897,115,157],[994,770,0,1004,413,597,465,600,391,277,136,937,1040,17,612,1141,334,773,1013,538,1020,227,118,1162,420,1143,488,741,1173,140,421,1083,89,928,1049,783,397,582,935,759,350,326,683,1196,376,632,1116,442,521,370],[805,29,1004,0,85,104,1098,502,705,255,702,766,862,354,109,1175,92,48,1136,638,814,205,324,1201,1171,1087,911,1081,745,898,1095,11,1034,586,1129,987,639,927,306,560,829,404,1125,756,859,1194,163,671,909,256],[658,662,413,85,0,66,474,1158,73,24,542,504,754,21,749,445,333,599,556,450,250,1180,164,143,47,1064,1045,382,929,627,127,518,1060,517,917,371,699,307,429,193,231,590,1023,866,1062,259,473,358,492,112],[574,491,597,104,66,0,130,954,418,1185,690,1142,1164,468,45,643,216,818,1055,237,831,663,160,616,576,365,257,179,3,782,891,1222,916,7,1166,558,1016,252,303,337,477,22,836,946,217,1089,1077,986,1189,192],[547,677,465,1098,474,130,0,634,593,183,998,675,475,974,983,531,1188,494,1009,784,35,580,1130,856,410,931,123,592,59,960,69,589,847,853,885,819,821,1122,137,389,647,543,53,1214,23,1155,172,1001,1156,977],[1052,876,600,502,1158,954,634,0,693,235,345,857,777,1220,962,32,1215,302,416,329,43,1068,12,622,30,1019,555,484,787,297,77,202,605,414,50,564,381,926,724,105,979,401,1197,108,682,360,270,344,359,156],[393,1168,391,705,73,418,593,693,0,1106,959,460,630,765,1117,435,289,816,219,463,88,939,650,1140,585,1135,577,949,561,385,943,680,1111,501,811,516,327,955,61,608,314,825,514,209,322,336,1115,94,1133,441],[1176,975,277,255,24,1185,183,235,1106,0,57,455,220,852,184,687,602,828,480,403,973,1010,1003,801,165,462,476,611,527,106,976,822,768,1187,920,572,6,534,31,1207,154,848,144,940,508,591,919,742,664,645],[276,1120,136,702,542,690,998,345,959,57,0,1126,1109,254,762,598,733,896,197,688,1053,499,1050,195,648,826,932,244,571,790,760,629,175,100,38,14,1147,1085,152,827,546,625,728,373,222,239,626,313,210,287],[914,767,937,766,504,1142,675,857,460,455,1126,0,989,1105,895,1121,392,815,290,610,405,320,308,1193,1212,562,780,918,988,262,731,294,1015,905,151,701,1033,65,447,317,772,146,409,394,434,1017,880,346,573,553],[1031,970,1040,862,754,1164,475,777,630,220,1109,989,0,719,596,520,670,505,274,874,698,248,653,356,729,536,513,1005,36,951,524,845,575,76,243,1160,709,446,186,280,544,1178,97,786,838,79,971,510,68,177],[495,377,17,354,21,468,974,1220,765,852,254,1105,719,0,437,194,46,367,247,651,774,74,1134,982,228,271,1163,111,1179,203,347,343,789,893,363,431,850,793,176,950,330,96,1063,718,1152,1159,1074,430,925,44],[125,102,612,109,749,45,983,962,1117,184,762,895,596,437,0,912,871,362,933,830,875,758,208,338,233,311,566,678,1139,351,341,124,1024,817,549,364,881,328,103,841,291,135,691,676,198,299,713,665,1205,396],[763,1054,1141,1175,445,643,531,32,435,687,598,1121,520,194,912,0,1021,1030,999,1092,738,212,357,264,267,353,1183,223,764,471,1157,386,900,846,614,1148,992,13,519,444,746,285,860,1213,349,1101,958,966,694,886],[153,296,334,92,333,216,1188,1215,289,602,733,392,670,46,871,1021,0,481,795,213,459,1032,1096,583,245,711,1153,1192,1008,824,957,286,835,383,372,637,1044,268,27,93,991,568,557,253,621,131,594,236,681,659],[654,218,773,48,599,818,494,302,816,828,896,815,505,367,362,1030,481,0,229,1124,1161,39,170,967,113,1128,1059,149,686,451,467,570,858,539,402,882,695,412,803,506,924,1036,744,1051,906,1037,725,423,178,1088],[1035,669,1013,1136,556,1055,1009,416,219,480,197,290,274,247,933,999,795,229,0,696,869,335,1149,375,185,84,374,739,953,1146,750,487,225,1078,448,121,204,1224,196,532,1208,867,799,83,823,440,649,191,644,541],[221,199,538,638,450,237,784,329,463,403,688,610,874,651,830,1092,213,1124,696,0,1127,1006,1057,864,700,820,240,545,1043,1170,1144,323,427,1107,496,173,133,892,1216,1202,736,720,771,877,388,721,579,887,985,406],[843,187,1020,814,250,831,35,43,88,973,1053,405,698,774,875,738,459,1161,869,1127,0,788,348,656,1169,207,265,1090,631,944,619,930,657,189,145,697,708,968,438,107,319,633,1072,390,260,378,298,984,128,98],[339,1039,227,205,1180,663,580,1068,939,1010,499,320,248,74,758,212,1032,39,335,1006,788,0,806,609,748,807,755,938,540,417,1075,99,730,660,1145,752,1190,715,530,1113,964,28,606,646,587,537,722,578,849,902],[251,865,118,324,164,160,1130,12,650,1003,1050,308,653,1134,208,357,1096,170,1149,1057,348,806,0,1,87,269,379,171,116,64,620,147,899,332,934,201,813,497,552,878,470,668,342,1069,443,1210,1079,482,425,139],[1167,635,1162,1201,143,616,856,622,1140,801,195,1193,356,982,338,264,583,967,375,864,656,609,1,0,995,525,839,628,188,238,20,714,961,550,266,419,792,809,1076,1061,1099,67,70,249,472,808,996,168,86,55],[318,595,420,1171,47,576,410,30,585,165,648,1212,729,228,233,267,245,113,185,700,1169,748,87,995,0,485,292,672,400,466,150,58,723,1182,726,704,300,569,1047,464,706,1223,283,129,732,1199,1000,1118,1132,355],[90,554,1143,1087,1064,365,931,1019,1135,462,826,562,536,271,311,353,711,1128,84,820,207,807,269,525,485,0,1070,279,1022,395,507,8,684,1123,797,712,18,1174,655,263,1108,366,1066,452,1181,915,282,1172,54,753],[603,1177,488,911,1045,257,123,555,577,476,932,780,513,1163,566,1183,1153,1059,374,240,265,755,379,839,292,1070,0,33,1084,642,10,1112,295,288,727,422,340,310,281,666,369,703,1203,810,936,215,515,63,15,449],[952,42,741